NGUYEN	297,503	1	95.9%	57	310,125
LEE	229,197	2	37.8%	22	605,860
KIM	183,432	3	94.5%	109	194,067
PATEL	132,547	4	91.4%	172	145,066
TRAN	130,120	5	95.6%	188	136,095
CHEN	100,742	6	95.5%	260	105,544
WONG	87,962	7	88.5%	277	99,392
LE	73,697	8	95.2%	368	77,453
YANG	69,017	9	95.0%	397	72627
WANG	63,833	10	94.5%	438	67,570
CHANG	62,871	11	90.1%	424	69,756
CHAN	59,811	12	91.0%	459	65,719
PHAM	57,467	13	95.9%	498	59949
LI	55,729	14	96.4%	519	57786
PARK	54,293	15	66.3%	343	81,890
SINGH	54,075	16	74.4%	396	72,642
LIN	46,956	17	95.1%	624	49,360
LIU	45,501	18	95.5%	650	47665
WU	43,955	19	95.9%	683	45815
HUANG	43,298	20	96.8%	697	44715
LAM	38,824	21	87.5%	706	44,385
HUYNH	38,479	22	96.2%	790	40011
HO	37,616	23	93.1%	778	40,413
CHOI	35,102	24	96.5%	872	36390
YU	34,913	25	96.2%	874	36285
SHAH	33,217	26	87.8%	831	37,833
CHUNG	33,151	27	91.0%	870	36422
KHAN	32,933	28	70.5%	665	46,713
ZHANG	32,591	29	98.2%	963	33202
VANG	30,037	30	92.9%	982	32333
TRUONG	26,829	31	96.5%	1157	27808
NG	25,879	32	94.0%	1168	27537
PHAN	25,501	33	94.8%	1193	26903
LIM	25,104	34	91.5%	1170	27433
XIONG	24,940	35	94.7%	1219	26336
VU	24,854	36	96.2%	1247	25828
CHENG	24,743	37	95.1%	1238	26023
CHO	24,184	38	95.6%	1277	25305
VO	23,748	39	95.2%	1296	24956
TANG	23,675	40	93.0%	1269	25446
NGO	22,982	41	95.8%	1355	23980
CHU	22,765	42	93.4%	1328	24381
LU	21,996	43	95.7%	1424	22977
KANG	21,786	44	92.5%	1380	23565
LY	21,730	45	94.5%	1421	22990
HONG	21,147	46	88.1%	1352	24,017
DANG	20,660	47	94.1%	1490	21953
HOANG	20,374	48	95.8%	1546	21269
DO	20,139	49	94.9%	1551	21230
CHIN	20,012	50	77.9%	1255	25,673
TAN	19,691	51	91.3%	1530	21567
LAU	19,618	52	76.6%	1259	25,624
BUI	19,557	53	93.8%	1579	20852
KAUR	19,496	54	89.3%	1501	21825
HAN	18,406	55	90.6%	1617	20,318
MA	17,888	56	94.0%	1726	19030
DUONG	17,664	57	96.0%	1790	18404
LEUNG	17,215	58	94.9%	1815	18140
YEE	16,849	59	86.5%	1687	19,483
SONG	16,033	60	95.1%	1962	16856
CHEUNG	15,413	61	95.9%	2069	16067
ALI	15,117	62	41.9%	876	36,079
SHIN	15,028	63	94.8%	2099	15857
AHMED	14,977	64	56.3%	1206	26,607
YI	14,494	65	95.0%	2189	15254
THAO	14,483	66	93.7%	2153	15463
LAI	14,283	67	92.2%	2148	15490
HSU	14,150	68	95.4%	2254	14838
FONG	14,090	69	84.8%	2002	16614
REYES	13,997	70	6.0%	81	232,511
SUN	13,983	71	93.5%	2228	14962
CHOW	13,924	72	89.0%	2124	15650
YOUNG	13,745	73	2.9%	31	465,948
LIANG	13,581	74	96.4%	2353	14095
LO	13,361	75	91.9%	2292	14534
HWANG	13,151	76	96.6%	2435	13610
SANTOS	13,077	77	13.2%	279	98,993
CRUZ	12,963	78	5.6%	82	231,065
OH	12,789	79	95.7%	2477	13366
SHARMA	12,736	80	85.6%	2247	14870
CHAU	12,460	81	94.1%	2498	13238
GARCIA	12,274	82	1.4%	8	858,289
HA	12,189	83	93.8%	2558	12988
KUMAR	12,170	84	83.8%	2293	14517
XU	12,041	85	98.5%	2701	12228
DESAI	11,976	86	91.7%	2540	13057
THOMAS	11,584	87	1.6%	14	710,696
HU	11,515	88	95.5%	2747	12056
LUU	11,459	89	95.8%	2768	11965
ZHOU	11,350	90	98.0%	2839	11586
DINH	11,308	91	95.5%	2792	11836
YOON	11,045	92	95.5%	2848	11563
TRINH	11,004	93	95.6%	2868	11507
TAM	10,985	94	90.4%	2723	12150
LUONG	10,771	95	96.0%	2951	11214
CHONG	10,740	96	82.8%	2561	12976
CHIU	10,522	97	92.9%	2920	11321
ZHENG	10,495	98	98.4%	3111	10670
CAO	10,410	99	93.7%	2986	11106
ZHU	10,286	100	97.9%	3147	10508
WOO	10,271	101	88.3%	2824	11628
ZHAO	10,157	102	98.4%	3187	10324
JUNG	9,941	103	57.1%	1896	17,395
MAI	9,855	104	81.9%	2752	12,027
KO	9,806	105	93.5%	3152	10483
RAMOS	9,732	106	5.0%	112	193,096
CHUN	9,627	107	86.3%	2967	11154
HER	9,550	108	91.5%	3159	10434
SMITH	9,505	109	0.4%	1	2,376,206
KONG	9,407	110	85.2%	3005	11040
GUPTA	9,375	111	90.4%	3172	10376
YOO	9,350	112	94.9%	3330	9853
DOAN	9,322	113	58.6%	2094	15,902
MOUA	9,122	114	93.3%	3347	9776
KWON	9,064	115	96.4%	3472	9405
PAK	9,037	116	91.5%	3322	9877
DELACRUZ	8,966	117	18.2%	629	49,158
TSAI	8,874	118	95.1%	3503	9332
MEHTA	8,776	119	90.6%	3377	9691
MENDOZA	8,765	120	5.2%	134	168,567
TONG	8,589	121	79.5%	3074	10,809
JIANG	8,388	122	97.7%	3791	8582
BAUTISTA	8,341	123	22.0%	830	37,847
SHEN	8,238	124	93.3%	3690	8832
VUE	8,010	125	93.9%	3822	8528
SU	7,999	126	94.0%	3835	8507
THAI	7,990	127	94.7%	3864	8440
ENG	7,906	128	78.3%	3246	10,102
JOHNSON	7,800	129	0.4%	2	1,857,160
DAO	7,605	130	93.2%	3994	8163
CHOU	7,485	131	94.9%	4163	7885
HUSSAIN	7,482	132	67.6%	2996	11,070
PAN	7,476	133	91.8%	4004	8143
AHN	7,451	134	91.6%	4010	8130
CHAO	7,444	135	86.2%	3769	8633
KWAN	7,404	136	93.7%	4147	7906
QUACH	7,359	137	96.5%	4305	7624
LOR	7,328	138	90.9%	4053	8061
RAHMAN	7,313	139	68.2%	3102	10,719
FERNANDEZ	7,202	140	5.2%	178	139,302
CHA	7,174	141	93.2%	4258	7698
YAN	7,145	142	89.1%	4091	8016
VUONG	6,883	143	96.3%	4556	7148
CHIANG	6,851	144	94.0%	4479	7290
LEONG	6,818	145	85.6%	4119	7967
HE	6,737	146	95.5%	4600	7057
FLORES	6,721	147	2.1%	55	312,615
FUNG	6,672	148	88.7%	4367	7518
DONG	6,628	149	90.5%	4458	7327
NAKAMURA	6,613	150	84.6%	4203	7821
TO	6,593	151	94.5%	4649	6979
CHOE	6,591	152	95.2%	4682	6926
ONG	6,571	153	86.8%	4343	7572
TANAKA	6,538	154	82.9%	4160	7887
LOUIE	6,517	155	80.7%	4046	8071
YUN	6,515	156	94.1%	4680	6927
LOPEZ	6,464	157	1.0%	21	621,536
TU	6,437	158	94.3%	4745	6826
YAMAMOTO	6,351	159	83.0%	4289	7652
MATHEW	6,317	160	67.8%	3509	9,311
DEGUZMAN	6,291	161	84.0%	4385	7487
YUEN	6,250	162	89.4%	4639	6990
MOON	6,246	163	14.8%	748	42,062
FANG	6,237	164	91.8%	4771	6791
YEUNG	6,203	165	96.0%	4984	6464
KUO	6,177	166	94.0%	4914	6570
RIVERA	6,169	167	2.1%	59	299,463
SON	6,164	168	78.6%	4189	7843
RAO	6,083	169	72.2%	3872	8,423
GONZALES	6,012	170	3.1%	110	193,934
AHMAD	5,945	171	52.2%	2889	11,395
MOY	5,925	172	69.5%	3827	8,523
GUO	5,912	173	97.6%	5287	6058
PANG	5,863	174	88.5%	4865	6627
SO	5,773	175	92.7%	5166	6227
YEH	5,773	175	93.8%	5214	6153
PEREZ	5,765	177	1.2%	29	488,521
AQUINO	5,758	178	31.2%	1781	18,472
GILL	5,736	179	8.3%	430	68,699
REDDY	5,724	180	57.8%	3312	9,911
TSANG	5,677	181	95.5%	5392	5943
WILLIAMS	5,676	182	0.4%	3	1,534,042
BROWN	5,659	183	0.4%	4	1,380,145
WEI	5,631	184	93.3%	5310	6037
GEORGE	5,594	185	4.7%	227	119,778
SATO	5,591	186	81.5%	4726	6864
VILLANUEVA	5,580	187	12.5%	703	44,570
FENG	5,566	188	96.0%	5512	5797
TA	5,565	189	95.5%	5487	5829
SAECHAO	5,541	190	91.7%	5304	6043
LIAO	5,537	191	95.9%	5534	5771
JOSEPH	5,530	192	6.9%	356	80,030
MALIK	5,470	193	52.7%	3172	10,376
LUM	5,461	194	67.6%	4042	8,074
DELEON	5,438	195	8.3%	460	65,598
CASTILLO	5,394	196	3.3%	135	165,473
TOM	5,358	197	55.6%	3405	9,629
JAIN	5,349	198	89.2%	5348	5996
LEW	5,336	199	73.1%	4464	7,304
JANG	5,316	200	92.0%	5531	5776
HUNG	5,309	201	86.0%	5199	6173
FU	5,294	202	94.1%	5658	5624
WATANABE	5,284	203	83.9%	5115	6295
FAN	5,275	204	92.5%	5587	5701
AU	5,238	205	84.8%	5195	6177
HSIEH	5,227	206	95.1%	5774	5494
AMIN	5,204	207	68.5%	4327	7,601
GAO	5,204	207	96.3%	5866	5405
YIP	5,197	209	93.8%	5730	5542
PHUNG	5,191	210	96.4%	5882	5387
CHING	5,189	211	75.0%	4683	6919
YUAN	5,170	212	95.8%	5877	5394
SUNG	5,150	213	94.7%	5820	5439
TSE	5,144	214	94.8%	5837	5429
SUH	5,124	215	95.0%	5878	5391
LUI	5,105	216	90.8%	5662	5620
CASTRO	5,104	217	3.8%	194	133,254
PENG	5,058	218	78.3%	4989	6460
CHI	5,025	219	87.6%	5561	5735
GEE	5,020	220	21.1%	1363	23,826
YIM	5,019	221	92.5%	5841	5426
JIN	4,999	222	96.4%	6100	5186
AN	4,996	223	91.9%	5831	5435
HUA	4,991	224	94.5%	6005	5280
KAO	4,990	225	93.9%	5963	5316
ABRAHAM	4,955	226	19.3%	1250	25,729
VAN	4,943	227	39.4%	2653	12,531
HUI	4,886	228	92.5%	6003	5282
JOSHI	4,855	229	88.6%	5781	5478
KWONG	4,844	230	96.2%	6246	5037
LUO	4,843	231	97.1%	6291	4990
PRASAD	4,788	232	77.1%	5172	6212
MARTIN	4,776	233	0.7%	17	672,711
JONES	4,770	234	0.4%	5	1,362,755
CHOWDHURY	4,766	235	82.7%	5539	5765
DOMINGO	4,757	236	60.0%	4140	7922
MILLER	4,737	237	0.4%	6	1,127,803
PARIKH	4,721	238	92.3%	6170	5113
XIE	4,698	239	97.6%	6505	4812
SHI	4,688	240	95.9%	6415	4886
RODRIGUEZ	4,665	241	0.6%	9	804,240
MARTINEZ	4,650	242	0.6%	11	775,072
TORRES	4,617	243	1.4%	50	325,169
DIEP	4,617	243	95.6%	6489	4827
YE	4,602	245	96.2%	6535	4786
HERNANDEZ	4,591	246	0.6%	15	706,372
MIN	4,566	247	90.8%	6254	5028
BEGUM	4,560	248	84.8%	5897	5375
SUZUKI	4,538	249	86.7%	6045	5233
HANG	4,530	250	83.8%	5865	5406
ISLAM	4,503	251	75.5%	5369	5967
SANCHEZ	4,457	252	1.0%	33	441,242
QUAN	4,443	253	81.1%	5781	5478
LA	4,441	254	90.8%	6408	4892
DU	4,428	255	94.8%	6669	4670
KWOK	4,412	256	94.8%	6698	4652
DAVIS	4,289	257	0.4%	7	1,072,335
YAO	4,266	258	92.9%	6765	4592
MEI	4,260	259	88.9%	6526	4794
TAKAHASHI	4,240	260	86.3%	6378	4913
SYED	4,233	261	79.7%	5969	5310
YEN	4,218	262	90.2%	6661	4676
LEI	4,176	263	87.9%	6583	4749
VARGHESE	4,155	264	92.9%	6922	4472
TSENG	4,127	265	94.8%	7087	4352
CAI	4,113	266	96.0%	7178	4286
CHOY	4,110	267	80.3%	6166	5116
NAM	4,093	268	92.8%	7005	4412
HOM	4,076	269	81.3%	6262	5015
LAW	4,070	270	13.2%	1037	30,900
SIDDIQUI	4,066	271	81.4%	6281	4994
DAVID	4,059	272	10.5%	818	38,659
SANTIAGO	4,030	273	4.4%	302	90,967
WAN	4,028	274	87.5%	6747	4605
LING	4,025	275	49.0%	3968	8,221
JOHN	3,983	276	14.4%	1161	27,643
LONG	3,978	277	1.8%	86	223,494
YIN	3,913	278	92.2%	7245	4246
TOLENTINO	3,898	279	50.8%	4271	7679
SHIH	3,898	279	94.8%	7464	4113
THACH	3,897	281	83.7%	6688	4657
GONG	3,883	282	78.2%	6317	4967
GANDHI	3,867	283	91.7%	7292	4215
KING	3,863	284	0.9%	35	438,986
BAE	3,852	285	95.3%	7590	4040
ITO	3,786	286	85.7%	6998	4417
DENG	3,775	287	91.6%	7444	4123
MATSUMOTO	3,774	288	83.5%	6858	4520
RAMIREZ	3,773	289	1.0%	42	388,987
GUAN	3,771	290	92.3%	7513	4087
SORIANO	3,764	291	21.6%	1891	17,418
DELROSARIO	3,755	292	61.1%	5219	6147
MAO	3,755	292	92.8%	7578	4047
YAMADA	3,744	294	83.8%	6928	4466
DIZON	3,720	295	84.4%	7012	4409
SEO	3,707	296	94.3%	7806	3929
POON	3,696	297	91.2%	7570	4051
SANDHU	3,663	298	85.2%	7161	4298
ANDERSON	3,659	299	0.5%	12	762,394
MAK	3,658	300	85.4%	7184	4283
LAO	3,655	301	80.8%	6850	4523
WILSON	3,602	302	0.5%	10	783,051
IM	3,589	303	93.9%	8007	3823
ZENG	3,584	304	96.6%	8219	3711
TUNG	3,541	305	91.0%	7891	3892
CHON	3,523	306	91.3%	7958	3857
QURESHI	3,505	307	78.4%	6921	4473
SHIM	3,499	308	86.4%	7574	4048
KOO	3,422	309	88.4%	7928	3870
CHEW	3,403	310	40.0%	3831	8,516
YOSHIDA	3,386	311	82.6%	7497	4097
WEN	3,383	312	92.6%	8331	3655
PASCUAL	3,359	313	44.6%	4354	7536
JACOB	3,346	314	15.7%	1541	21,354
PERSAUD	3,333	315	38.5%	3766	8649
UNG	3,323	316	84.5%	7794	3933
VALDEZ	3,313	317	3.4%	283	98,610
FRANCISCO	3,313	317	18.4%	1833	17,976
KU	3,305	319	88.0%	8131	3755
SAITO	3,280	320	77.3%	7249	4243
BHATT	3,274	321	90.7%	8410	3609
LOW	3,255	322	28.4%	2873	11,475
YUNG	3,237	323	75.8%	7208	4272
KOBAYASHI	3,236	324	85.8%	8097	3772
SIU	3,235	325	85.6%	8084	3777
TAI	3,229	326	86.5%	8171	3732
BHAKTA	3,229	326	92.2%	8644	3502
CORPUZ	3,214	328	79.6%	7596	4037
WON	3,208	329	91.2%	8607	3518
RHEE	3,195	330	92.3%	8733	3463
SIM	3,186	331	64.8%	6376	4,915
ALAM	3,176	332	71.3%	6942	4455
DAS	3,133	333	72.1%	7091	4348
MAN	3,132	334	70.8%	6985	4425
KATO	3,123	335	68.0%	6769	4591
MUI	3,121	336	92.4%	8916	3376
TON	3,104	337	84.0%	8246	3696
KIMURA	3,096	338	82.9%	8165	3735
HIGA	3,090	339	78.7%	7814	3925
SOK	3,035	340	82.4%	8271	3684
NAVARRO	3,033	341	4.1%	388	73,970
CHAUDHRY	3,031	342	82.5%	8289	3675
CHIEN	3,028	343	93.5%	9257	3239
DIAZ	2,996	344	1.2%	73	251,772
YOU	2,991	345	92.1%	9238	3246
MERCADO	2,986	346	6.4%	674	46,437
GUTIERREZ	2,981	347	1.4%	96	212,905
KWAK	2,950	348	80.2%	8279	3678
GU	2,947	349	95.1%	9629	3098
SAM	2,940	350	30.6%	3413	9,600
YAP	2,917	351	81.0%	8424	3603
SIN	2,904	352	87.1%	9011	3335
MOHAMMED	2,901	353	30.3%	3419	9,585
JUN	2,888	354	92.2%	9516	3134
NAIR	2,863	355	76.8%	8185	3728
RANA	2,856	356	73.7%	7920	3875
THOMPSON	2,835	357	0.4%	19	644,368
TAYLOR	2,809	358	0.4%	13	720,370
CHEA	2,797	359	82.2%	8850	3404
LIEU	2,777	360	94.7%	10114	2933
ROY	2,775	361	5.6%	621	49,725
VONG	2,774	362	89.5%	9625	3100
YONG	2,762	363	78.1%	8578	3535
MIRANDA	2,760	364	4.1%	437	67,646
IQBAL	2,758	365	78.6%	8629	3508
GOMEZ	2,741	366	1.0%	68	263,590
HOU	2,735	367	92.5%	10049	2958
OSHIRO	2,731	368	85.3%	9340	3202
XIAO	2,728	369	98.6%	10626	2768
TAO	2,726	370	92.0%	10031	2964
MEDINA	2,717	371	1.9%	176	139,353
SHAIKH	2,713	372	82.9%	9163	3273
JEONG	2,713	372	96.0%	10444	2826
MORALES	2,699	374	1.2%	90	217,642
TING	2,697	375	88.4%	9782	3050
GO	2,692	376	87.7%	9716	3068
CHUA	2,649	377	91.2%	10193	2904
BHATIA	2,637	378	89.6%	10093	2944
IGNACIO	2,634	379	59.8%	7017	4405
SASAKI	2,633	380	83.8%	9488	3142
PAUL	2,623	381	3.6%	401	72,248
OCAMPO	2,619	382	15.1%	1903	17334
JAVIER	2,619	382	39.7%	4891	6594
DHILLON	2,619	382	85.4%	9716	3068
TSUI	2,587	385	94.9%	10748	2725
MOORE	2,585	386	0.4%	16	698,671
HAYASHI	2,585	386	82.8%	9550	3123
ZHONG	2,551	388	98.3%	11200	2595
PASCUA	2,542	389	75.4%	8926	3370
VERMA	2,541	390	88.3%	10266	2877
KOH	2,539	391	87.8%	10226	2893
MANUEL	2,529	392	10.4%	1337	24,227
VELASCO	2,529	392	10.9%	1411	23,114
YAU	2,523	394	93.9%	10881	2686
MAR	2,510	395	58.0%	7120	4327
FERNANDO	2,497	396	58.1%	7161	4298
WHITE	2,494	397	0.4%	20	639,515
TENG	2,487	398	93.6%	10984	2657
HOSSAIN	2,478	399	84.5%	10118	2932
SHETH	2,476	400	86.8%	10350	2851
DEJESUS	2,465	401	7.8%	1002	31,803
SHEIKH	2,464	402	66.2%	8200	3724
LOO	2,459	403	76.0%	9263	3237
KAM	2,457	404	73.2%	8954	3358
DEVERA	2,457	404	75.9%	9257	3239
DING	2,456	406	90.5%	10794	2713
HASAN	2,451	407	40.4%	5272	6,074
TRIEU	2,445	408	93.6%	11138	2613
ANGELES	2,440	409	27.5%	3676	8873
DAI	2,434	410	92.3%	11060	2636
DAVE	2,426	411	60.4%	7630	4016
YAMAGUCHI	2,425	412	84.3%	10273	2875
JIMENEZ	2,409	413	1.5%	147	157,475
KUNG	2,406	414	88.2%	10740	2727
FERRER	2,396	415	18.4%	2556	13,010
ANTONIO	2,387	416	23.2%	3200	10,267
CHUANG	2,369	417	95.6%	11621	2478
JOSE	2,359	418	31.9%	4435	7,389
BANG	2,355	419	59.2%	7715	3,977
GREWAL	2,348	420	87.4%	10876	2687
ESPIRITU	2,344	421	70.8%	9077	3310
MURAKAMI	2,344	421	83.2%	10460	2817
SIDHU	2,341	423	83.0%	10450	2821
SALVADOR	2,338	424	26.5%	3694	8,827
ENRIQUEZ	2,325	425	7.8%	1072	29,886
MAHMOOD	2,310	426	65.5%	8594	3525
OU	2,308	427	95.3%	11844	2422
ARORA	2,305	428	87.3%	11044	2640
AGARWAL	2,304	429	92.0%	11523	2504
SILVA	2,296	430	1.8%	214	126,164
SAKAMOTO	2,296	430	82.3%	10548	2790
LEWIS	2,295	432	0.5%	26	509,930
NI	2,289	433	94.7%	11859	2418
SAMUEL	2,280	434	11.9%	1711	19,225
SZETO	2,280	434	94.0%	11827	2426
HALL	2,273	436	0.5%	30	473,568
GONZALEZ	2,271	437	0.4%	23	597,718
LAY	2,267	438	12.6%	1832	17,979
UDDIN	2,265	439	76.9%	10093	2944
TRIVEDI	2,265	439	92.7%	11737	2444
HASHIMOTO	2,261	441	83.6%	10811	2706
SHIMIZU	2,257	442	84.8%	10976	2660
CLARK	2,248	443	0.4%	25	548,369
UY	2,241	444	91.1%	11680	2461
FUJIMOTO	2,236	445	83.5%	10907	2678
HAM	2,235	446	14.1%	2103	15,843
MARQUEZ	2,231	447	2.8%	357	79,951
HASSAN	2,228	448	18.6%	2762	11,993
WENG	2,228	448	83.8%	10982	2658
CHAI	2,227	450	85.2%	11132	2615
GUERRERO	2,222	451	2.4%	291	94,152
IKEDA	2,211	452	85.2%	11200	2595
KAN	2,200	453	81.3%	10816	2705
AGUILAR	2,199	454	1.7%	213	126,399
GIANG	2,196	455	96.1%	12458	2285
ASUNCION	2,193	456	71.4%	9700	3073
AGUSTIN	2,191	457	55.1%	7711	3979
SRINIVASAN	2,191	457	92.8%	12112	2361
EVANGELISTA	2,186	459	31.8%	4720	6,871
MARIANO	2,181	460	30.7%	4576	7,111
SY	2,178	461	78.1%	10566	2787
MISTRY	2,176	462	88.2%	11653	2466
CORTEZ	2,162	463	2.8%	367	77,492
INOUYE	2,161	464	78.6%	10672	2751
HENG	2,154	465	75.0%	10281	2873
ANCHETA	2,151	466	72.1%	9973	2985
KEO	2,146	467	85.4%	11496	2512
HARRIS	2,137	468	0.4%	24	593,542
NISHIMURA	2,133	469	83.6%	11349	2551
PINEDA	2,129	470	5.5%	806	38,999
TSAO	2,121	471	93.9%	12573	2259
NAKAGAWA	2,117	472	86.4%	11726	2449
LAL	2,116	473	73.8%	10294	2868
HSIAO	2,116	473	95.8%	12799	2208
DELOSSANTOS	2,113	475	15.3%	2409	13802
PAIK	2,108	476	86.0%	11722	2450
DELOSREYES	2,104	477	56.6%	8212	3716
NELSON	2,102	478	0.5%	40	412,236
SAELEE	2,094	479	93.1%	12624	2250
SISON	2,092	480	78.2%	10920	2674
SINHA	2,083	481	88.3%	12122	2360
SARMIENTO	2,068	482	23.0%	3630	8986
JACKSON	2,065	483	0.3%	18	666,125
ROMERO	2,061	484	1.3%	154	153,772
MIRZA	2,054	485	63.5%	9267	3234
PERALTA	2,046	486	8.3%	1305	24,713
YAMASHITA	2,043	487	83.9%	11781	2435
KUANG	2,036	488	98.3%	13473	2071
CABRERA	2,035	489	3.6%	524	57,171
KANESHIRO	2,031	490	84.2%	11879	2413
CONCEPCION	2,029	491	22.0%	3536	9222
ABE	2,027	492	67.6%	9930	2998
MANALO	2,027	492	82.3%	11677	2462
MO	2,027	492	85.9%	12112	2361
JI	2,022	495	96.3%	13311	2100
JO	2,020	496	80.3%	11476	2517
SETO	2,012	497	79.7%	11444	2526
PANDYA	2,011	498	92.3%	12936	2178
MORI	1,997	499	51.3%	7895	3,890
HAHN	1,994	500	5.2%	822	38,354
ANG	1,977	501	77.2%	11317	2562
CHACKO	1,972	502	84.0%	12168	2347
JEON	1,956	503	92.0%	13175	2126
MANN	1,953	504	2.4%	349	81,022
FUJII	1,943	505	84.4%	12377	2302
ALVAREZ	1,941	506	1.1%	132	168,817
PAREKH	1,941	506	91.2%	13165	2129
CHANDRA	1,939	508	79.9%	11818	2428
MOK	1,932	509	90.5%	13137	2134
OKAMOTO	1,931	510	79.3%	11788	2434
BHATTI	1,931	510	80.3%	11917	2406
KAPOOR	1,929	512	85.6%	12605	2253
SHAW	1,924	513	1.2%	150	155,172
KULKARNI	1,923	514	92.3%	13407	2083
JOO	1,918	515	88.2%	12945	2174
MAH	1,912	516	74.9%	11346	2553
LOU	1,910	517	78.2%	11758	2441
QIU	1,904	518	98.4%	14236	1934
ALLEN	1,900	519	0.4%	32	463,368
JAMES	1,889	520	0.8%	80	233,224
CHAE	1,883	521	94.1%	13848	2002
KRISHNAN	1,879	522	91.8%	13604	2047
VYAS	1,874	523	91.1%	13540	2058
REN	1,873	524	80.3%	12241	2333
AKHTAR	1,872	525	76.6%	11734	2445
SAKAI	1,870	526	81.2%	12373	2303
SAEPHAN	1,867	527	92.5%	13759	2019
ROBINSON	1,861	528	0.4%	27	503,028
BAKER	1,860	529	0.4%	38	413,351
ADAMS	1,859	530	0.5%	39	413,086
SHAO	1,844	531	95.1%	14201	1939
BANH	1,843	532	92.6%	13907	1991
PAI	1,840	533	86.8%	13213	2119
LIEN	1,835	534	27.7%	4860	6,630
GHOSH	1,835	534	88.3%	13440	2077
ONO	1,832	536	82.6%	12767	2218
ABAD	1,830	537	38.2%	6523	4795
JOE	1,815	538	21.7%	3891	8,382
XIA	1,810	539	98.0%	14745	1847
MIYAMOTO	1,809	540	82.3%	12841	2197
BAEK	1,808	541	95.9%	14498	1885
ACOSTA	1,805	542	2.4%	377	76,477
SALAZAR	1,804	543	1.6%	240	113,468
TRANG	1,803	544	95.0%	14432	1898
DAM	1,797	545	69.9%	11287	2570
VALENCIA	1,791	546	3.6%	616	50,026
IYER	1,790	547	92.4%	14212	1937
NAKANO	1,788	548	84.2%	13187	2124
CHOUDHURY	1,787	549	83.2%	13067	2149
SAETERN	1,787	549	92.8%	14273	1926
ZOU	1,785	551	96.9%	14783	1842
HUH	1,773	552	95.0%	14615	1867
RUIZ	1,772	553	1.0%	129	175,429
MATSUDA	1,771	554	83.3%	13175	2126
PHILIP	1,764	555	38.5%	6778	4,584
SAINI	1,762	556	87.8%	13825	2006
WRIGHT	1,761	557	0.4%	34	440,367
ALEXANDER	1,760	558	0.9%	111	193,443
WALKER	1,755	559	0.4%	28	501,307
TRINIDAD	1,752	560	19.0%	3533	9228
SOHN	1,750	561	43.2%	7574	4,048
MENG	1,741	562	45.4%	7987	3,837
LAN	1,740	563	76.9%	12563	2262
SHU	1,737	564	91.8%	14467	1892
BAIG	1,734	565	76.8%	12573	2259
HILL	1,729	566	0.4%	41	411,770
HAQUE	1,729	566	83.2%	13440	2077
RASHID	1,726	568	40.1%	7152	4,309
TIEU	1,726	568	96.6%	15146	1786
SUBRAMANIAN	1,725	570	94.8%	14920	1820
SCOTT	1,722	571	0.4%	36	420,091
ALCANTARA	1,722	571	21.2%	4017	8112
RAI	1,722	571	81.8%	13290	2106
ROBERTS	1,721	574	0.5%	45	366,215
LEGASPI	1,709	575	67.7%	11449	2524
PHU	1,706	576	95.8%	15187	1781
GUZMAN	1,705	577	1.4%	230	118,390
BYUN	1,700	578	96.4%	15293	1764
PADILLA	1,693	579	2.1%	345	81,805
MALHOTRA	1,693	579	87.5%	14226	1935
TIEN	1,693	579	88.5%	14349	1914
ANAND	1,686	582	86.1%	14101	1958
BAINS	1,684	583	66.5%	11405	2534
KARIM	1,682	584	43.7%	7966	3853
ZHEN	1,673	585	97.7%	15661	1713
SAMSON	1,670	586	16.6%	3265	10,053
MAEDA	1,670	586	74.4%	12647	2245
OGAWA	1,669	588	83.3%	13838	2004
SENG	1,664	589	46.4%	8457	3,588
HYUN	1,662	590	92.5%	15071	1796
GALANG	1,661	591	88.2%	14514	1883
ANDRES	1,660	592	16.5%	3273	10,034
SHUM	1,660	592	82.0%	13724	2025
OKADA	1,658	594	84.7%	14101	1958
KHANG	1,657	595	92.9%	15167	1784
BERNARDO	1,654	596	27.8%	5395	5,939
GABRIEL	1,649	597	7.5%	1482	22,013
NAIK	1,645	598	90.3%	14898	1822
ESTRADA	1,643	599	1.8%	298	92,831
MOLINA	1,643	599	2.3%	417	70,211
SHUKLA	1,640	601	92.7%	15252	1770
AGRAWAL	1,634	602	93.2%	15369	1753
ANSARI	1,632	603	50.0%	9180	3267
BUTT	1,628	604	24.2%	4794	6,732
MODI	1,619	605	86.2%	14544	1879
THAKKAR	1,619	605	92.0%	15327	1760
OTA	1,613	607	79.1%	13641	2040
CHEE	1,612	608	36.0%	6914	4477
KHANNA	1,611	609	84.3%	14370	1910
RAY	1,610	610	1.3%	208	128,794
CHAND	1,610	610	72.0%	12692	2235
RO	1,610	610	80.7%	13885	1995
KAPADIA	1,608	613	90.6%	15225	1774
HONDA	1,602	614	77.2%	13451	2076
HARADA	1,602	614	80.7%	13957	1984
TOY	1,600	616	27.9%	5567	5,730
CAMPBELL	1,599	617	0.4%	43	371,953
ZAMAN	1,596	618	72.5%	12822	2202
DANIEL	1,593	619	2.1%	380	75,135
QIAN	1,591	620	97.8%	16314	1626
LOH	1,588	621	73.9%	13064	2150
DHALIWAL	1,588	621	87.3%	14932	1818
LUK	1,585	623	91.8%	15551	1727
PHILLIPS	1,583	624	0.4%	47	351,848
TAMURA	1,580	625	81.0%	14143	1951
TAING	1,574	626	91.6%	15619	1718
ISHII	1,571	627	81.9%	14325	1918
SERRANO	1,564	628	2.8%	545	55,057
TIAN	1,562	629	95.0%	16160	1645
JU	1,557	630	91.5%	15752	1701
MORITA	1,553	631	79.5%	14127	1954
CHOPRA	1,553	631	84.9%	14857	1829
MONG	1,548	633	49.6%	9550	3,123
CUI	1,541	634	95.1%	16368	1620
PARMAR	1,539	635	85.1%	14995	1809
RIZVI	1,538	636	80.5%	14370	1910
YAMASAKI	1,536	637	81.5%	14503	1884
IP	1,536	637	93.5%	16184	1642
SONI	1,529	639	82.8%	14755	1846
LUNA	1,523	640	2.0%	378	76,127
MOHAN	1,522	641	34.3%	6962	4,440
CHINN	1,518	642	24.7%	5220	6,146
MARK	1,517	643	9.5%	2091	15,916
YING	1,513	644	90.3%	15933	1676
FAJARDO	1,512	645	14.4%	3139	10530
ROSARIO	1,502	646	4.1%	865	36,539
YUE	1,502	646	93.2%	16444	1611
RAM	1,495	648	54.0%	10629	2766
MERCHANT	1,492	649	11.1%	2465	13,421
MOHAMED	1,489	650	11.9%	2655	12,499
AOKI	1,484	651	81.3%	14877	1825
FUJITA	1,483	652	84.5%	15356	1756
SIMON	1,482	653	2.0%	383	74,839
LOWE	1,480	654	1.7%	309	89,178
VERGARA	1,480	654	13.6%	3063	10844
SUM	1,478	656	79.3%	14634	1864
DECASTRO	1,476	657	34.9%	7265	4,235
AZIZ	1,471	658	31.1%	6604	4,735
MUN	1,470	659	91.9%	16535	1600
HUSAIN	1,469	660	69.7%	13277	2108
ORTIZ	1,460	661	0.7%	94	214,683
SEN	1,457	662	74.0%	14044	1969
HASEGAWA	1,454	663	84.6%	15619	1718
ISHIKAWA	1,452	664	84.9%	15676	1711
BORJA	1,450	665	27.0%	5895	5376
HUR	1,449	666	89.7%	16400	1616
ARAKAKI	1,445	667	84.1%	15611	1719
GAN	1,441	668	62.4%	12343	2309
BAI	1,440	669	87.8%	16202	1640
DSOUZA	1,438	670	80.6%	15154	1785
RUAN	1,435	671	69.1%	13440	2077
MITCHELL	1,433	672	0.4%	44	367,433
VIRAY	1,431	673	86.8%	16135	1648
PETERSON	1,430	674	0.5%	63	275,041
VENTURA	1,429	675	5.3%	1196	26,769
MIYASHIRO	1,429	675	83.5%	15676	1711
PARKER	1,427	677	0.4%	51	324,246
MASUDA	1,424	678	79.9%	15177	1783
MENON	1,423	679	87.6%	16333	1624
HERRERA	1,422	680	1.0%	175	140,786
MATHEWS	1,422	680	2.8%	609	50,608
DOSHI	1,415	682	90.3%	16776	1567
CARTER	1,414	683	0.4%	46	362,548
RAZA	1,412	684	71.5%	14006	1976
XUE	1,412	684	97.6%	17835	1447
SITU	1,408	686	94.5%	17449	1490
GREEN	1,406	687	0.3%	37	413,477
WADA	1,402	688	78.3%	15110	1791
LANG	1,400	689	2.3%	499	59,843
MISHRA	1,400	689	90.7%	16977	1544
KHUU	1,400	689	97.0%	17871	1444
GARG	1,395	692	91.8%	17199	1519
SRIVASTAVA	1,393	693	90.9%	17073	1533
SETHI	1,388	694	86.2%	16450	1610
RYU	1,388	694	94.2%	17588	1473
NARAYAN	1,385	696	78.6%	15309	1762
NAKAMOTO	1,382	697	81.5%	15780	1696
EVANS	1,369	698	0.4%	48	342,237
DELAROSA	1,364	699	4.8%	1137	28,134
CO	1,364	699	79.6%	15652	1714
FUKUDA	1,361	701	85.2%	16554	1597
CAMACHO	1,357	702	2.8%	630	49,000
MATHUR	1,357	702	89.2%	17170	1522
LUCAS	1,356	704	1.4%	275	100,417
NAKASHIMA	1,356	704	81.0%	15937	1675
LUC	1,355	706	63.2%	13082	2145
MOHAMMAD	1,353	707	37.3%	8377	3,628
GOMES	1,347	708	6.6%	1606	20,532
SAN	1,344	709	74.3%	14983	1810
MORRIS	1,341	710	0.4%	56	311,754
WHANG	1,340	711	92.0%	17734	1457
ENDO	1,338	712	78.8%	15771	1698
BRAR	1,338	712	86.2%	16906	1553
REHMAN	1,335	714	67.3%	13943	1985
FERNANDES	1,333	715	9.3%	2305	14,385
NGAI	1,330	716	96.0%	18412	1385
GOTO	1,329	717	28.3%	6639	4695
ZAIDI	1,326	718	76.3%	15470	1738
MALLARI	1,317	719	91.7%	17943	1436
NAKAYAMA	1,315	720	85.5%	17030	1538
NATIVIDAD	1,311	721	40.4%	9242	3244
CHAUHAN	1,310	722	88.3%	17510	1483
ROSALES	1,309	723	2.5%	595	51,336
SEE	1,300	724	15.5%	3880	8,412
COOK	1,297	725	0.4%	60	294,795
LORENZO	1,295	726	10.3%	2643	12,568
MURPHY	1,292	727	0.4%	58	300,501
YOSHIMURA	1,290	728	84.5%	17141	1526
CHOO	1,290	728	89.0%	17813	1449
PANGILINAN	1,289	730	90.7%	18087	1421
NAKATA	1,279	731	81.0%	16688	1579
BANERJEE	1,279	731	86.3%	17521	1482
KELLY	1,276	733	0.5%	69	260,385
PAL	1,276	733	58.1%	12845	2196
THAN	1,275	735	89.2%	18008	1429
VARUGHESE	1,272	736	91.3%	18345	1393
EDWARDS	1,268	737	0.4%	53	317,070
BRIONES	1,265	738	11.4%	2971	11143
CHE	1,265	738	84.3%	17363	1500
CARLOS	1,264	740	10.4%	2718	12,162
ROBLES	1,263	741	2.0%	489	61,619
WOOD	1,261	742	0.5%	75	247,299
HIRATA	1,260	743	82.2%	17087	1532
MAC	1,253	744	67.4%	14664	1859
HAMADA	1,251	745	67.9%	14783	1842
AGGARWAL	1,248	746	91.6%	18634	1363
SOM	1,246	747	83.2%	17377	1498
NOH	1,243	748	87.1%	18025	1427
PATIL	1,243	748	89.6%	18389	1388
SAETEURN	1,243	748	93.0%	18892	1337
SEBASTIAN	1,242	751	11.4%	3055	10,878
NICOLAS	1,241	752	21.5%	5525	5,783
THOR	1,241	752	55.8%	12737	2225
CHERIAN	1,239	754	88.9%	18345	1393
INOUE	1,237	755	89.3%	18412	1385
ROGERS	1,236	756	0.4%	61	294,403
SOOHOO	1,232	757	89.1%	18447	1382
CHAWLA	1,231	758	89.9%	18582	1369
LAKHANI	1,222	759	83.1%	17613	1470
CHUI	1,219	760	93.6%	19248	1303
DY	1,217	761	85.6%	18077	1422
CARINO	1,216	762	33.3%	8334	3,654
AUSTRIA	1,216	762	78.6%	16944	1548
QU	1,214	764	95.5%	19629	1271
ODA	1,213	765	69.4%	15408	1747
MOMIN	1,213	765	86.3%	18239	1405
BELTRAN	1,212	767	3.5%	914	34,736
MACH	1,209	768	25.3%	6552	4,770
ANWAR	1,205	769	65.2%	14745	1847
KONDO	1,205	769	76.0%	16646	1585
ROQUE	1,204	771	11.1%	3076	10,806
JUAN	1,202	772	25.0%	6507	4811
MIGUEL	1,201	773	16.5%	4484	7,282
TAMAYO	1,200	774	9.9%	2729	12130
NOMURA	1,200	774	82.4%	17734	1457
DOI	1,197	776	79.3%	17268	1509
KAWAMOTO	1,197	776	81.7%	17652	1466
TAKEUCHI	1,197	776	84.7%	18153	1414
MEAS	1,193	779	82.2%	17781	1452
PAEK	1,191	780	87.2%	18607	1366
STEWART	1,189	781	0.4%	54	312,899
PERERA	1,189	781	40.9%	10176	2909
RAJAN	1,188	783	89.7%	19028	1324
QIN	1,188	783	98.0%	20382	1212
JAN	1,181	785	65.3%	14995	1809
CHEEMA	1,181	785	82.0%	17899	1441
PRAKASH	1,177	787	86.7%	18693	1358
COLLINS	1,176	788	0.4%	52	317,848
NO	1,176	788	69.0%	15731	1704
MATEO	1,172	790	13.7%	3811	8540
GIN	1,167	791	81.8%	18025	1427
YOUN	1,164	792	89.1%	19208	1307
TSO	1,163	793	38.8%	9922	3001
NAGATA	1,163	793	84.2%	18447	1382
MORGAN	1,161	795	0.4%	62	276,400
SALES	1,161	795	13.3%	3733	8,725
YAM	1,160	797	83.9%	18447	1382
CHEONG	1,158	798	88.4%	19174	1310
KURIAN	1,157	799	80.2%	17884	1443
DALAL	1,156	800	81.1%	18045	1425
RANDHAWA	1,156	800	88.7%	19248	1303
CORDERO	1,154	802	5.0%	1409	23,127
GOEL	1,149	803	87.4%	19136	1314
MATHAI	1,148	804	87.2%	19118	1316
JEW	1,147	805	82.5%	18373	1390
PATHAK	1,147	805	91.5%	19852	1253
HARA	1,144	807	45.8%	11547	2497
WATSON	1,139	808	0.5%	76	242,432
SHENG	1,136	809	94.5%	20512	1202
CHAUDHARY	1,132	810	82.7%	18588	1368
HAO	1,130	811	89.3%	19695	1266
UM	1,130	811	95.0%	20665	1190
MUKHERJEE	1,128	813	88.6%	19599	1273
VORA	1,127	814	89.8%	19828	1255
KUE	1,123	815	90.4%	19991	1242
KOTHARI	1,122	816	90.7%	20055	1237
HSIA	1,122	816	94.8%	20763	1183
AUYEUNG	1,120	818	96.5%	21088	1161
ASHRAF	1,114	819	70.2%	16635	1586
RAJ	1,113	820	77.5%	17935	1437
RAJA	1,112	821	71.6%	16906	1553
CUNANAN	1,112	821	85.4%	19263	1302
TAT	1,111	823	89.5%	20006	1241
VILLEGAS	1,110	824	3.2%	917	34,684
TURNER	1,108	825	0.3%	49	335,663
KAWAMURA	1,106	826	83.2%	18965	1330
VASQUEZ	1,104	827	0.7%	143	159,989
SAXENA	1,104	827	91.5%	20456	1206
SULTANA	1,103	829	70.3%	16761	1569
SHIMABUKURO	1,103	829	82.6%	18916	1335
BHAT	1,102	831	93.9%	20916	1173
KUBOTA	1,101	832	82.1%	18857	1341
YOKOYAMA	1,101	832	86.0%	19515	1280
BARTOLOME	1,100	834	59.8%	14792	1841
CHAVEZ	1,097	835	0.6%	118	185,865
QUON	1,097	835	82.5%	18965	1330
PILLAI	1,095	837	87.1%	19806	1257
KHALID	1,093	838	62.4%	15375	1752
LIOU	1,093	838	95.7%	21369	1142
ATIENZA	1,092	840	85.4%	19537	1278
ESGUERRA	1,089	841	72.5%	17334	1503
SHANKAR	1,089	841	85.7%	19629	1271
SAEED	1,088	843	50.4%	13019	2159
ZAMORA	1,086	844	2.4%	684	45,806
LOK	1,086	844	85.4%	19629	1271
BELL	1,085	846	0.4%	67	264,752
KINOSHITA	1,085	846	83.5%	19285	1300
CRISOSTOMO	1,083	848	50.9%	13169	2128
SAHA	1,083	848	77.4%	18278	1400
ISHIDA	1,083	848	82.5%	19157	1312
GAMBOA	1,081	851	7.2%	2205	15,117
GUEVARRA	1,081	851	72.6%	17466	1488
COOPER	1,080	853	0.4%	64	270,097
MIURA	1,079	854	79.3%	18667	1360
MORIMOTO	1,079	854	81.9%	19090	1318
CHIA	1,078	856	72.8%	17530	1481
TUAZON	1,077	857	90.1%	20599	1195
REED	1,070	858	0.4%	65	267,443
MENDIOLA	1,069	859	13.4%	4112	7980
YOSHIOKA	1,069	859	89.0%	20528	1201
OGATA	1,068	861	75.0%	18057	1424
CANLAS	1,068	861	87.0%	20180	1228
BALLESTEROS	1,065	863	13.8%	4248	7714
BAILEY	1,064	864	0.4%	66	265,916
NISHIMOTO	1,063	865	82.0%	19328	1297
BALTAZAR	1,061	866	12.3%	3765	8650
SHRESTHA	1,061	866	84.6%	19840	1254
JEN	1,060	868	84.3%	19797	1258
JUE	1,059	869	80.3%	19090	1318
ASLAM	1,056	870	78.0%	18748	1353
YEO	1,054	871	48.0%	12858	2,194
VILORIA	1,053	872	58.7%	15088	1794
RAMAN	1,053	872	75.4%	18324	1396
BAJWA	1,052	874	84.3%	19908	1248
CAMPOS	1,049	875	1.5%	420	69,950
CHATTERJEE	1,049	875	87.9%	20629	1193
PADUA	1,048	877	51.6%	13702	2030
UYEDA	1,048	877	80.6%	19272	1301
PHUONG	1,048	877	96.7%	22212	1084
PETERS	1,047	880	0.8%	190	134,231
QI	1,045	881	98.0%	22521	1066
ESPINOSA	1,044	882	3.4%	1047	30,538
SALEEM	1,044	882	49.4%	13240	2114
RAMACHANDRAN	1,043	884	95.0%	22011	1098
GRAY	1,042	885	0.4%	79	236,713
VARGAS	1,041	886	0.8%	221	123,952
HUEY	1,039	887	10.5%	3318	9,881
TANIGUCHI	1,039	887	79.0%	19118	1316
DESILVA	1,038	889	26.0%	7698	3,986
OUYANG	1,037	890	97.7%	22612	1061
MUNOZ	1,036	891	0.9%	232	117,774
HAQ	1,036	891	78.9%	19144	1313
PENA	1,033	893	1.1%	284	98,345
VALENZUELA	1,033	893	2.4%	711	43,770
SOOD	1,033	893	78.1%	19048	1322
ABBAS	1,028	896	32.1%	9348	3,199
SARKAR	1,028	896	89.9%	21335	1144
AHUJA	1,027	898	87.4%	20887	1175
THONG	1,026	899	88.8%	21156	1156
OKAMURA	1,025	900	78.6%	19242	1304
ORTEGA	1,024	901	1.1%	296	93,131
MURTHY	1,023	902	87.1%	20898	1174
RODRIGUES	1,021	903	3.8%	1204	26,652
KHATRI	1,021	903	88.8%	21254	1150
NARAYANAN	1,019	905	93.7%	22174	1087
FOSTER	1,017	906	0.5%	87	221,040
CASTANEDA	1,017	906	2.0%	600	51,089
WARD	1,016	908	0.4%	71	254,121
PABLO	1,016	908	26.0%	7845	3914
MANZANO	1,015	910	15.2%	4830	6670
ROSS	1,012	911	0.5%	89	219,961
MIAO	1,012	911	96.1%	22753	1053
SHIEH	1,011	913	95.6%	22670	1058
SHETTY	1,010	914	92.5%	22098	1092
SZE	1,009	915	88.7%	21424	1138
MAGNO	1,008	916	44.7%	12596	2256
MURATA	1,007	917	82.5%	20270	1221
UCHIDA	1,005	918	84.2%	20629	1193
RAJU	1,004	919	85.5%	20898	1174
SHIBATA	1,001	920	83.6%	20565	1198
ROXAS	1,000	921	83.3%	20528	1201
SUAREZ	997	922	2.1%	658	47,235
VELASQUEZ	995	923	1.7%	525	57,163
ESTEBAN	994	924	32.1%	9646	3092
SULLIVAN	992	925	0.5%	92	215,640
COX	990	926	0.4%	72	253,771
SALAS	990	926	2.1%	643	48,282
HIGASHI	989	928	81.7%	20397	1211
BROOKS	987	929	0.4%	77	240,751
BLANCO	986	930	3.4%	1115	28,843
KAWAKAMI	986	930	79.3%	19976	1243
GOYAL	986	930	92.8%	22570	1063
VARMA	985	933	84.8%	21069	1162
KHA	985	933	94.9%	22999	1038
ALFONSO	984	935	10.2%	3404	9,632
KAWASAKI	984	935	78.7%	19882	1251
HAIDER	983	937	32.8%	9929	2,999
TOMITA	983	937	77.0%	19554	1277
SUEN	981	939	90.2%	22174	1087
BENNETT	980	940	0.4%	78	239,055
NHAN	980	940	95.0%	23104	1032
DESHPANDE	980	940	95.1%	23128	1031
GOO	979	943	74.4%	19118	1316
PERRY	978	944	0.5%	97	212,644
PURI	978	944	77.7%	19784	1259
LUNG	977	946	13.5%	4496	7,263
ARELLANO	973	947	2.8%	905	34,999
SIDDIQI	972	948	74.8%	19285	1300
THAM	972	948	87.5%	21814	1111
DATTA	971	950	81.3%	20599	1195
HOWARD	968	951	0.4%	70	254,779
YAMAUCHI	968	951	81.6%	20711	1187
AGUINALDO	968	951	86.1%	21620	1124
SEVILLA	966	954	15.4%	5132	6281
DOMINGUEZ	963	955	1.2%	334	83,731
STEVENS	962	956	0.5%	122	181,417
PRICE	961	957	0.4%	84	228,756
PON	961	957	74.0%	19313	1298
IN	961	957	85.5%	21620	1124
JIA	959	960	96.9%	23831	990
MEJIA	958	961	1.4%	448	66,534
CUSTODIO	957	962	36.1%	11012	2649
MAY	956	963	0.9%	270	101,726
PEREIRA	956	963	4.2%	1428	22,921
BHAGAT	956	963	89.2%	22403	1072
MITRA	955	966	79.2%	20456	1206
CHANTHAVONG	955	966	89.8%	22555	1064
PHO	954	968	94.8%	23530	1006
TAKEDA	953	969	85.0%	21666	1121
GUILLERMO	952	970	38.6%	11647	2469
ING	951	971	58.8%	16391	1617
ALONZO	950	972	5.8%	2038	16,326
HIRANO	949	973	85.6%	21848	1109
SOLOMON	947	974	2.2%	726	42,839
NGUY	946	975	94.1%	23547	1005
PASION	944	976	78.0%	20413	1210
GOH	944	976	88.8%	22570	1063
SOLIS	943	978	1.6%	497	60,045
TRAM	939	979	91.0%	23104	1032
MIAH	937	980	71.3%	19136	1314
FOO	937	980	80.3%	20995	1167
MATSUMURA	937	980	84.3%	21814	1111
FRANCO	936	983	1.8%	571	53,161
MORENO	935	984	0.6%	170	146,088
SAO	934	985	80.6%	21113	1159
VOONG	933	986	98.4%	24680	948
FRANCIS	932	987	1.3%	406	71,723
LAZARO	932	987	16.3%	5581	5709
SETH	932	987	36.8%	11396	2,536
NAKASONE	931	990	85.8%	22196	1085
NISHIDA	930	991	86.0%	22240	1082
SPENCER	928	992	0.7%	189	134,443
GALVEZ	927	993	6.5%	2314	14311
OUK	927	993	89.0%	22949	1041
RUSSELL	926	995	0.4%	93	215,432
SHAN	926	995	46.8%	13994	1978
NGHIEM	926	995	96.7%	24471	958
CRISTOBAL	925	998	41.0%	12583	2258
HENRY	920	999	0.6%	142	161,392
KEE	920	999	10.0%	3557	9,173
GUEVARA	919	1001	3.0%	1039	30,844
LUKE	917	1002	5.4%	1940	17,016
MIAN	917	1002	74.2%	20072	1236
CALDERON	913	1004	1.7%	550	54,691
BUN	911	1005	85.5%	22538	1065
NATARAJAN	911	1005	92.4%	23903	986
CHRISTIAN	906	1007	1.8%	597	51,177
JONG	905	1008	85.2%	22591	1062
ISMAIL	904	1009	23.9%	8090	3,775
SING	904	1009	37.8%	11981	2392
KUAN	904	1009	75.6%	20599	1195
SANG	902	1012	57.2%	16706	1577
BANSAL	902	1012	90.1%	23617	1001
BACH	901	1014	7.9%	2897	11,375
MATSUI	901	1014	86.3%	22891	1044
QUINTO	899	1016	40.6%	12788	2212
KE	899	1016	78.7%	21349	1143
MANANSALA	899	1016	91.7%	24023	980
RICHARDSON	898	1019	0.4%	74	249,533
ASATO	898	1019	84.6%	22591	1062
KUBO	897	1021	75.3%	20642	1192
ON	896	1022	83.0%	22283	1079
FUJIWARA	896	1022	85.1%	22753	1053
HUGHES	895	1024	0.4%	83	229,390
MATSUOKA	893	1025	86.2%	23037	1036
RYAN	892	1026	0.6%	177	139,335
BAIK	891	1027	93.6%	24598	952
IWAMOTO	889	1028	83.8%	22612	1061
ROS	886	1029	45.9%	14250	1931
DEAN	885	1030	0.8%	250	109,230
ULLAH	885	1030	66.7%	18994	1327
DULAY	885	1030	71.0%	19942	1246
SOO	885	1030	81.3%	22143	1089
AKHTER	885	1030	84.7%	22870	1045
MAHARAJ	884	1035	43.2%	13613	2045
FISHER	883	1036	0.4%	100	210,279
OLSON	883	1036	0.5%	136	163,502
WING	882	1038	7.1%	2670	12,453
KOSHY	882	1038	90.8%	24200	971
BASU	881	1040	84.4%	22891	1044
PAE	880	1041	78.0%	21565	1128
PANGANIBAN	880	1041	84.9%	23037	1036
DANH	880	1041	91.4%	24368	963
DUMLAO	878	1044	79.7%	21947	1102
OKAZAKI	878	1044	85.7%	23237	1024
FONTANILLA	876	1046	79.6%	21958	1101
KANEKO	876	1046	82.6%	22637	1060
RIM	876	1046	88.5%	23831	990
TANABE	874	1049	76.6%	21381	1141
WAI	873	1050	90.1%	24243	969
SHIROMA	871	1051	78.4%	21814	1111
TOLEDO	869	1052	6.0%	2294	14,514
YIU	869	1052	95.5%	25503	910
JORDAN	868	1054	0.4%	105	197,212
HASHMI	866	1055	80.6%	22370	1074
LOI	865	1056	87.8%	23922	985
DUNN	863	1057	0.6%	185	136,955
FELICIANO	862	1058	5.0%	1933	17,112
IMAI	862	1058	76.8%	21638	1123
UMALI	858	1060	91.2%	24827	941
KOJIMA	857	1061	90.4%	24680	948
MURRAY	856	1062	0.5%	123	178,414
KOHLI	856	1062	57.0%	17334	1503
LENG	856	1062	69.5%	20124	1232
KOGA	856	1062	70.8%	20427	1209
HAMILTON	855	1066	0.4%	107	194,331
GE	855	1066	89.4%	24513	956
MYERS	854	1068	0.4%	85	224,824
MEYER	853	1069	0.6%	163	149,664
CADIZ	853	1069	50.1%	15738	1703
KIKUCHI	849	1071	84.7%	23594	1002
BHATTACHARYA	849	1071	92.3%	25272	920
TAKEMOTO	848	1073	81.8%	23019	1037
FURUKAWA	848	1073	83.7%	23411	1013
JACINTO	847	1075	19.9%	7237	4251
YASUDA	847	1075	87.1%	24162	973
YAMANE	846	1077	80.3%	22753	1053
CHUONG	845	1078	96.9%	26332	872
MATA	844	1079	2.4%	907	34,888
ROH	843	1080	66.4%	19642	1270
FUKUSHIMA	843	1080	84.1%	23594	1002
BATRA	843	1080	88.5%	24584	953
NAYAK	843	1080	90.1%	24929	936
BARNES	842	1084	0.4%	99	210,426
TOUCH	839	1085	76.2%	21958	1101
OYAMA	838	1086	80.3%	22891	1044
HAU	837	1087	34.0%	11680	2,461
SANJUAN	836	1088	29.7%	10473	2812
RAVAL	835	1089	90.3%	25147	925
LUCERO	834	1090	2.5%	945	33,922
ALBANO	833	1091	15.3%	5819	5,440
SHIMADA	832	1092	86.9%	24491	957
KONO	831	1093	66.3%	19840	1254
FUENTES	830	1094	1.5%	530	56,441
RA	828	1095	74.1%	21716	1118
HUIE	827	1096	29.6%	10538	2,792
FELIX	826	1097	2.6%	1011	31,631
ESTRELLA	826	1097	8.1%	3221	10,167
TAY	826	1097	58.6%	18196	1410
KAPUR	826	1097	78.4%	22753	1053
PRADHAN	826	1097	88.4%	24969	934
PEN	825	1102	76.5%	22283	1079
STONE	824	1103	0.6%	162	149,802
VILLA	824	1103	2.1%	797	39,402
RONG	824	1103	90.5%	25484	911
POWELL	823	1106	0.4%	91	216,553
REYNOLDS	822	1107	0.4%	106	195,598
GULATI	821	1108	84.6%	24224	970
WALLACE	820	1109	0.4%	113	190,760
GRAHAM	815	1110	0.4%	108	194,074
NATH	815	1110	43.7%	14622	1866
VAIDYA	815	1110	92.7%	26163	879
CLEMENTE	814	1113	10.9%	4402	7,453
DELAPENA	813	1114	26.3%	9641	3094
IWASAKI	813	1114	85.5%	24615	951
PALMA	812	1116	5.7%	2312	14,339
PRAK	812	1116	83.8%	24243	969
JANI	811	1118	71.5%	21479	1134
MISRA	811	1118	83.4%	24162	973
FOX	810	1120	0.5%	167	147,357
LAZO	810	1120	9.4%	3782	8600
HAMID	810	1120	35.3%	12405	2295
JAMAL	810	1120	45.7%	15225	1774
COLE	808	1124	0.4%	116	187,793
CORPUS	807	1125	25.6%	9472	3150
GERONIMO	807	1125	35.7%	12558	2263
DIN	807	1125	66.9%	20456	1206
WIN	807	1125	78.8%	23237	1024
DUTTA	807	1125	89.7%	25724	900
MODY	806	1130	76.8%	22799	1050
DOE	805	1131	6.9%	2834	11,603
EUGENIO	805	1131	51.5%	16802	1564
PAO	805	1131	85.3%	24763	944
PANDEY	805	1131	88.5%	25503	910
BONIFACIO	804	1135	45.1%	15167	1784
ANDRADE	803	1136	1.7%	666	46,702
CARREON	803	1136	8.7%	3538	9218
MAU	803	1136	31.7%	11388	2,537
CHIOU	803	1136	93.0%	26566	863
ELLIS	801	1140	0.4%	121	181,934
HANSEN	801	1140	0.6%	193	133,474
LEU	801	1140	36.7%	12911	2,183
SUE	801	1140	55.7%	17935	1437
ABELLA	799	1144	44.8%	15154	1785
SUGIMOTO	799	1144	84.8%	24807	942
SUNGA	799	1144	92.7%	26587	862
HENDERSON	798	1147	0.4%	101	210,094
WEE	798	1147	61.6%	19355	1295
ARAKAWA	797	1149	80.7%	23863	988
KAMAL	795	1150	49.0%	16349	1622
PARAS	794	1151	42.5%	14604	1869
ABBASI	793	1152	49.2%	16444	1611
CHADHA	791	1153	89.0%	25945	889
KENNEDY	790	1154	0.5%	130	171,636
BUENO	790	1154	6.2%	2591	12845
KIN	790	1154	57.7%	18569	1370
ROLDAN	789	1157	7.8%	3220	10168
KAHN	787	1158	5.4%	2284	14,570
ESCOBAR	786	1159	1.8%	723	42,955
DUENAS	786	1159	7.9%	3297	9976
ENCARNACION	784	1161	16.7%	6633	4703
TOYAMA	784	1161	82.8%	24701	947
BOSE	781	1163	27.4%	10357	2,849
MUKAI	781	1163	77.9%	23594	1002
POBLETE	780	1165	63.6%	20191	1227
UPPAL	780	1165	87.6%	25926	890
BAO	779	1167	88.8%	26215	877
WALIA	777	1168	82.0%	24701	947
GREGORIO	776	1169	20.7%	8151	3,746
CHOUDHRY	776	1169	75.0%	23072	1034
MARCELO	773	1171	48.6%	16616	1589
YAMASHIRO	773	1171	84.2%	25329	918
MU	773	1171	87.0%	25945	889
QUANG	772	1174	95.0%	27821	813
SOLANKI	771	1175	93.2%	27439	827
BHANDARI	770	1176	90.1%	26761	855
SAHOTA	769	1177	87.5%	26163	879
MITTAL	768	1178	86.4%	25945	889
GALLARDO	767	1179	3.4%	1460	22,435
CARPIO	766	1180	14.6%	6031	5250
ROSE	764	1181	0.5%	168	146,924
ANDREWS	763	1182	0.6%	206	129,320
HSUEH	763	1182	95.5%	28194	799
MATIAS	762	1184	10.4%	4476	7,295
TAMASHIRO	762	1184	83.8%	25524	909
MAHAJAN	762	1184	89.8%	26898	849
NAQVI	760	1187	83.3%	25466	912
VICENTE	758	1188	11.9%	5049	6374
MCDONALD	757	1189	0.4%	127	176,094
AKIYAMA	757	1189	81.0%	24969	934
MATSUURA	757	1189	87.2%	26446	868
BISWAS	755	1192	86.3%	26267	875
UEHARA	754	1193	87.4%	26566	863
FUKUMOTO	754	1193	89.5%	27049	842
KHONG	754	1193	95.1%	28353	793
KY	752	1196	86.1%	26306	873
MARASIGAN	752	1196	88.5%	26876	850
KIEU	751	1198	96.8%	28856	776
HABIB	750	1199	22.0%	8850	3,404
SHAHID	750	1199	49.7%	17282	1508
NISHIKAWA	750	1199	84.6%	25991	887
AWAN	749	1202	70.0%	22443	1070
DUAN	748	1203	71.6%	22870	1045
BABU	748	1203	86.9%	26614	861
VOHRA	748	1203	90.4%	27439	827
YOSHIKAWA	747	1206	83.1%	25735	899
SUGIYAMA	746	1207	85.8%	26419	869
COLOMA	745	1208	55.3%	18811	1346
UYEHARA	745	1208	83.3%	25845	894
MARSHALL	744	1210	0.4%	125	177,213
TOMAS	744	1210	15.2%	6406	4,894
VIRANI	744	1210	85.6%	26419	869
LACSON	744	1210	89.6%	27361	830
QUIAMBAO	744	1210	90.7%	27646	820
PANCHAL	744	1210	91.3%	27771	815
DURAN	742	1216	1.1%	434	68,046
KAY	742	1216	3.2%	1402	23,189
ARAKI	742	1216	80.0%	25098	927
AHLUWALIA	742	1216	83.9%	26056	884
HON	741	1220	34.5%	13075	2,147
MEHRA	739	1221	79.3%	25006	932
BUTLER	738	1222	0.3%	98	210,879
SABLAN	738	1222	62.6%	20831	1178
VIRK	738	1222	85.1%	26469	867
HARRISON	737	1225	0.4%	128	175,577
OHARA	737	1225	3.5%	1565	21,068
ZAFAR	737	1225	71.8%	23191	1027
TE	737	1225	86.7%	26876	850
BHARDWAJ	737	1225	88.4%	27258	834
KAWAGUCHI	736	1230	79.7%	25169	924
PATTERSON	735	1231	0.4%	104	198,557
WEST	735	1231	0.4%	115	188,464
YOSHIMOTO	735	1231	84.6%	26419	869
INTHAVONG	735	1231	87.9%	27207	836
ABALOS	734	1235	36.0%	13658	2037
SNYDER	733	1236	0.5%	144	159,363
PUN	733	1236	85.1%	26614	861
KAMATH	733	1236	93.0%	28489	788
CORTES	732	1239	2.4%	1061	30,141
ORDONEZ	732	1239	6.4%	2906	11366
FAROOQ	732	1239	75.9%	24350	964
KODAMA	732	1239	82.4%	25969	888
BURNS	730	1243	0.5%	141	162,153
HUNT	730	1243	0.5%	157	151,986
GONZAGA	730	1243	40.7%	15093	1793
SANDERS	729	1246	0.3%	88	220,902
KANE	728	1247	1.5%	636	48,527
BUENAVENTURA	728	1247	69.2%	22770	1052
BAJAJ	727	1249	86.8%	27150	838
KAZI	725	1250	76.3%	24642	950
ISHIHARA	725	1250	84.9%	26783	854
RAHIM	724	1252	39.0%	14689	1856
HIDALGO	723	1253	4.3%	1967	16,824
NUNEZ	722	1254	0.8%	306	90,208
RAYMUNDO	722	1254	32.8%	12815	2203
KABIR	722	1254	70.2%	23167	1028
ARAI	722	1254	75.9%	24615	951
MACARAEG	722	1254	90.4%	28194	799
BHARGAVA	722	1254	92.7%	28751	779
LAWRENCE	721	1260	0.6%	219	124,321
AKBAR	721	1260	38.2%	14495	1886
LEON	720	1262	1.2%	483	62,034
THI	720	1262	90.6%	28298	795
TAKATA	719	1264	78.2%	25304	919
CHHAY	719	1264	92.1%	28700	781
KRISHNAMURTHY	719	1264	96.1%	29696	748
FIGUEROA	718	1267	1.0%	398	72,533
BASA	718	1267	65.6%	22053	1095
KHO	718	1267	91.3%	28548	786
RONQUILLO	717	1270	19.9%	8426	3602
MIYAKE	717	1270	80.4%	25885	892
MING	715	1272	16.1%	6968	4,434
YANO	713	1273	69.1%	23104	1032
HAYES	712	1274	0.4%	117	187,473
DAY	712	1274	0.7%	271	101,676
ABDULLAH	712	1274	12.2%	5460	5859
MEMON	712	1274	79.7%	25865	893
CHUM	712	1274	84.9%	27128	839
NIU	710	1279	91.5%	28856	776
LOZANO	707	1280	1.7%	734	42,567
NGUYENTHI	707	1280	96.1%	30061	736
SIMMONS	706	1282	0.4%	103	201,650
JENKINS	705	1283	0.3%	95	213,737
RAMESH	703	1284	88.8%	28375	792
SUMIDA	702	1285	81.3%	26538	864
DELGADO	701	1286	0.7%	282	98,675
AGUIRRE	701	1286	1.2%	508	58,918
VIERNES	701	1286	72.2%	24200	971
ADACHI	700	1289	84.0%	27289	833
APOSTOL	699	1290	59.3%	20831	1178
VISWANATHAN	699	1290	93.4%	29696	748
MEN	698	1292	77.9%	25805	896
ILAGAN	698	1292	88.9%	28584	785
GORDON	697	1294	0.4%	151	154,934
HAGUE	697	1294	12.3%	5607	5,676
YO	697	1294	87.1%	28166	800
SIMPSON	696	1297	0.4%	145	158,241
AZAM	696	1297	74.8%	25041	930
SALCEDO	695	1299	5.1%	2440	13593
MANI	695	1299	51.1%	18682	1359
HEE	694	1301	57.8%	20543	1200
HIRAI	694	1301	83.1%	27235	835
PONG	692	1303	81.7%	26946	847
PACHECO	691	1304	1.2%	512	58,534
MATSUNAGA	691	1304	85.6%	27970	807
SOONG	691	1304	86.4%	28166	800
ACHARYA	690	1307	91.5%	29516	754
COLEMAN	688	1308	0.3%	102	208,624
HOQUE	688	1308	78.5%	26239	876
SAKATA	688	1308	81.3%	26968	846
ATWAL	688	1308	88.2%	28730	780
HIGUCHI	686	1312	84.4%	27821	813
MIZUNO	686	1312	87.1%	28489	788
PIMENTEL	685	1314	4.2%	2031	16,358
NITTA	685	1314	67.7%	23428	1012
SIDDIQUE	685	1314	81.8%	27176	837
LIAN	684	1317	56.6%	20427	1209
ANDO	684	1317	61.1%	21694	1119
PONCE	683	1319	1.9%	895	35,400
AGBAYANI	683	1319	83.0%	27562	823
JENG	682	1321	85.4%	28194	799
CONSTANTINO	681	1322	14.7%	6716	4,634
SURI	679	1323	64.8%	22821	1048
JAVED	679	1323	72.7%	24969	934
KRISHNA	679	1323	83.7%	27877	811
NAKAJIMA	679	1323	90.2%	29543	753
NGAN	679	1323	94.8%	30716	716
THAKUR	678	1328	87.1%	28790	778
ZHUANG	678	1328	98.3%	31658	690
PALMER	677	1330	0.5%	158	150,407
CHOKSHI	677	1330	92.1%	30091	735
RUBIO	676	1332	1.9%	866	36,531
LEO	675	1333	8.8%	4296	7,638
TARIQ	675	1333	76.3%	26035	885
PANDIT	675	1333	92.0%	30120	734
IBRAHIM	674	1336	7.8%	3785	8,590
BONDOC	674	1336	80.0%	27028	843
UEDA	674	1336	86.0%	28617	784
MATSUO	674	1336	86.3%	28700	781
NAKANISHI	673	1340	81.5%	27475	826
PEI	673	1340	93.0%	30443	724
DEY	672	1342	18.7%	8441	3,596
MINA	672	1342	27.7%	11844	2422
KAWAHARA	672	1342	85.7%	28617	784
SCHMIDT	670	1345	0.5%	171	145,565
JOHNSTON	670	1345	0.5%	207	128,935
GROVER	670	1345	4.0%	2010	16,551
TIWARI	669	1348	74.4%	25735	899
MARUYAMA	669	1348	82.5%	27877	811
JEE	669	1348	82.9%	27970	807
IWATA	668	1351	82.1%	27802	814
SULTAN	667	1352	28.1%	12070	2,372
OK	667	1352	78.5%	26876	850
RICHARDS	666	1354	0.5%	215	125,653
LARSON	666	1354	0.6%	224	121,064
IBARRA	666	1354	1.4%	662	46,895
GIBSON	664	1357	0.4%	119	184,420
WAGNER	664	1357	0.4%	152	154,516
VANN	664	1357	4.5%	2280	14,602
NAGAI	664	1357	85.3%	28790	778
BENJAMIN	663	1361	1.8%	868	36,439
HERR	663	1361	5.3%	2663	12,466
SAY	662	1363	31.0%	13112	2,138
TIN	662	1363	86.1%	29040	769
FORD	660	1365	0.4%	124	178,397
JAFRI	660	1365	82.1%	28049	804
PORTER	659	1367	0.4%	148	156,848
BERNABE	659	1367	21.2%	9614	3103
ARSHAD	659	1367	74.2%	25969	888
XING	659	1367	94.4%	31389	698
AVILA	657	1371	0.9%	421	69,843
JULIAN	657	1371	4.5%	2277	14,625
NAIDU	657	1371	76.2%	26587	862
SHIU	657	1371	92.3%	30868	712
RIAZ	656	1375	74.3%	26078	883
HSIUNG	655	1376	95.1%	31704	689
LEM	654	1377	61.9%	22706	1056
MASON	653	1378	0.4%	149	155,484
ARAGON	653	1378	3.2%	1588	20,723
PAULINO	653	1378	8.3%	4192	7,840
FUJIOKA	653	1378	85.9%	29325	760
JENSEN	652	1382	0.6%	244	112,332
SUK	652	1382	66.7%	24061	978
CAYABYAB	652	1382	87.2%	29696	748
RAMAKRISHNAN	652	1382	95.6%	31958	682
YABUT	650	1386	94.1%	31621	691
CARLSON	649	1387	0.5%	225	120,124
GRIFFIN	648	1388	0.3%	114	190,636
DEVI	648	1388	81.1%	28194	799
KELLEY	647	1390	0.5%	184	137,555
CABRAL	647	1390	3.3%	1696	19,384
SALIM	647	1390	32.7%	13989	1979
SUNDARAM	647	1390	90.6%	30791	714
LANE	644	1394	0.5%	209	128,727
BERNAL	644	1394	2.2%	1089	29,418
KAUL	644	1394	24.1%	10933	2,671
BHAVSAR	644	1394	93.3%	31658	690
SHARIF	643	1398	25.9%	11595	2484
KHAWAJA	643	1398	64.8%	23796	992
PAZ	642	1400	3.6%	1858	17,776
NAKAHARA	642	1400	86.1%	29758	746
OKA	640	1402	72.4%	26056	884
LARA	639	1403	1.1%	501	59,731
BASILIO	639	1403	33.2%	14283	1924
BACCAM	639	1403	90.5%	31085	706
YAGI	638	1406	75.8%	27049	842
AHSAN	638	1406	84.4%	29447	756
SHANG	638	1406	88.5%	30552	721
BHATNAGAR	638	1406	90.9%	31235	702
LOBO	637	1410	19.2%	9039	3325
SENGUPTA	637	1410	88.5%	30582	720
TSOU	637	1410	90.7%	31235	702
PRABHU	637	1410	92.6%	31738	688
CHAKRABORTY	637	1410	93.7%	32026	680
WARREN	636	1415	0.4%	166	147,906
OTSUKA	634	1416	81.2%	28700	781
KOYAMA	634	1416	81.3%	28730	780
SABADO	633	1418	61.8%	23221	1025
KAZMI	633	1418	77.6%	27744	816
CRAWFORD	632	1420	0.4%	146	158,121
SAR	632	1420	72.1%	26215	877
XIANG	632	1420	98.4%	33528	642
WELLS	631	1423	0.4%	131	170,635
BLACK	631	1423	0.4%	160	150,186
FELIPE	631	1423	15.9%	7740	3958
TSUJI	631	1423	86.6%	30292	729
TY	630	1427	84.3%	29728	747
SIT	630	1427	89.5%	31167	704
OTANI	629	1429	77.2%	27771	815
TOKUNAGA	629	1429	82.7%	29296	761
TSOI	627	1431	90.0%	31426	697
FERGUSON	626	1432	0.4%	173	142,256
CHIM	626	1432	80.1%	28674	782
LALANI	626	1432	83.7%	29696	748
SURESH	626	1432	92.3%	32094	678
DER	625	1436	69.1%	25610	905
BHALLA	625	1436	83.8%	29758	746
PINTO	624	1438	3.6%	1883	17,488
BIBI	623	1439	65.2%	24529	955
JOHAL	623	1439	84.8%	30091	735
TIU	623	1439	85.5%	30292	729
HANSON	622	1442	0.6%	251	109,079
LATIF	622	1442	45.5%	18594	1367
BEDI	622	1442	70.5%	26104	882
MAYEDA	622	1442	75.7%	27595	822
WEBB	621	1446	0.4%	137	163,481
ROJAS	621	1446	0.8%	393	73,071
YADAO	621	1446	71.5%	26446	868
NAZARENO	621	1446	91.2%	31986	681
SEHGAL	619	1450	84.1%	30061	736
SOU	619	1450	84.6%	30199	732
HUNTER	618	1452	0.4%	153	154,410
CABALLERO	618	1452	3.0%	1620	20,270
GOPAL	618	1452	85.1%	30383	726
BERMUDEZ	617	1455	3.2%	1689	19,451
YAMANAKA	617	1455	84.2%	30161	733
BRAHMBHATT	617	1455	91.0%	32094	678
ROBERTSON	616	1458	0.4%	159	150,299
LATU	616	1458	79.2%	28790	778
TERUYA	616	1458	88.6%	31492	695
BENITEZ	615	1461	1.8%	957	33,441
MUHAMMAD	615	1461	4.4%	2379	13972
HOY	615	1461	6.5%	3437	9,522
JAMIL	614	1464	49.6%	20041	1238
PU	614	1464	80.8%	29325	760
SEKHON	614	1464	86.5%	30929	710
PUNZALAN	614	1464	88.6%	31563	693
BOYD	613	1468	0.4%	164	149,476
ALEJANDRO	613	1468	10.5%	5468	5847
MATTHEWS	612	1470	0.5%	217	124,839
OBRIEN	612	1470	0.5%	234	115,385
BASHIR	612	1470	37.6%	16283	1629
DANIELS	611	1473	0.4%	180	138,776
ARMSTRONG	611	1473	0.5%	204	129,982
DIONISIO	611	1473	39.2%	16838	1560
VI	611	1473	82.6%	29932	740
CHOUDHARY	611	1473	85.0%	30614	719
SAYAVONG	611	1473	91.9%	32567	665
GARDNER	610	1479	0.4%	182	138,660
NASIR	610	1479	48.6%	19840	1254
HART	609	1481	0.5%	196	132,466
FATIMA	609	1481	80.3%	29390	758
HORI	608	1483	81.3%	29696	748
KALRA	608	1483	87.4%	31464	696
BI	608	1483	88.1%	31658	690
DIXIT	608	1483	91.6%	32609	664
QUIJANO	607	1487	16.5%	8260	3689
TAILOR	607	1487	65.8%	25221	922
SHENOY	607	1487	92.0%	32782	660
CHIEM	607	1487	96.2%	34038	631
DIAS	606	1491	4.4%	2398	13,847
MURAOKA	606	1491	80.2%	29447	756
ARCE	605	1493	4.1%	2249	14,855
NODA	605	1493	48.2%	19828	1255
KAWAI	605	1493	85.1%	30900	711
SALINAS	604	1496	1.0%	490	61,582
HILARIO	604	1496	24.1%	11500	2511
TOOR	604	1496	67.8%	25908	891
TAKAGI	604	1496	80.5%	29625	750
CHAHAL	604	1496	83.0%	30324	728
OLIVER	603	1501	0.5%	248	111,641
TEE	603	1501	43.7%	18461	1381
NIE	603	1501	62.7%	24406	961
NAKAMA	603	1501	84.2%	30716	716
THAKER	603	1501	87.8%	31774	687
YUM	603	1501	94.5%	33690	638
FREEMAN	602	1507	0.4%	140	162,686
TEO	602	1507	68.3%	26125	881
BORROMEO	602	1507	72.1%	27235	835
KHURANA	602	1507	90.1%	32460	668
AFZAL	601	1511	65.2%	25221	922
MENESES	600	1512	10.5%	5593	5695
OKUBO	600	1512	85.2%	31167	704
GOROSPE	599	1514	72.3%	27413	828
SHROFF	597	1515	76.1%	28617	784
LIEW	597	1515	93.9%	33782	636
ZHAN	597	1515	96.9%	34711	616
RANI	596	1518	84.9%	31235	702
LABRADOR	595	1519	37.3%	16554	1597
BAL	595	1519	44.9%	19018	1325
NEPOMUCENO	595	1519	65.7%	25591	906
IMAMURA	595	1519	82.3%	30483	723
NOGUCHI	595	1519	85.1%	31339	699
RHO	595	1519	89.3%	32529	666
THANG	595	1519	92.5%	33471	643
ISAAC	594	1526	3.6%	2039	16,312
DACANAY	594	1526	76.3%	28751	779
OSHIMA	593	1528	85.1%	31426	697
MILLS	592	1529	0.4%	165	147,909
CUEVAS	592	1529	1.8%	993	32,015
DASGUPTA	592	1529	87.6%	32161	676
SAEPHANH	592	1529	93.4%	33876	634
WOODS	591	1533	0.4%	133	168,814
PAREDES	591	1533	3.2%	1758	18,689
ARIF	591	1533	68.6%	26587	862
CHAUDHARI	591	1533	93.4%	33933	633
MORRISON	590	1537	0.5%	231	117,939
LAMA	590	1537	33.5%	15299	1763
ROSETE	590	1537	44.1%	18875	1339
TEA	590	1537	60.0%	23968	983
NAKAO	590	1537	82.6%	30791	714
RAGHAVAN	590	1537	93.9%	34150	628
CARDENAS	589	1543	1.0%	529	56,618
BALA	589	1543	37.6%	16769	1568
GASPAR	588	1545	7.7%	4327	7,601
PING	588	1545	19.6%	9922	3,001
LALL	588	1545	46.4%	19695	1266
DEOCAMPO	588	1545	77.0%	29210	764
KAWANO	588	1545	82.5%	30831	713
PETER	587	1550	6.8%	3758	8,662
OM	587	1550	85.3%	31738	688
RICE	586	1552	0.4%	169	146,440
ARNOLD	586	1552	0.4%	187	136,315
BARRERA	586	1552	1.3%	713	43,720
OKUMURA	586	1552	83.6%	31271	701
MEDRANO	585	1556	2.0%	1091	29,386
SHON	585	1556	73.2%	28194	799
OZAKI	585	1556	80.1%	30264	730
GOSWAMI	585	1556	93.0%	34114	629
HOFFMAN	584	1560	0.4%	195	132,645
TAHIR	584	1560	53.5%	22116	1091
NONG	584	1560	92.0%	33830	635
SANGHA	583	1563	88.9%	32939	656
NICHOLS	582	1564	0.4%	174	141,936
DESOUZA	582	1564	13.2%	7003	4,413
DEA	582	1564	49.9%	20995	1167
ANDAYA	582	1564	69.6%	27207	836
VALERA	581	1568	20.1%	10226	2893
SANNICOLAS	581	1568	58.6%	23796	992
NGU	581	1568	90.5%	33528	642
VEA	580	1571	68.4%	26924	848
HEM	580	1571	70.3%	27496	825
THAMMAVONGSA	580	1571	87.9%	32782	660
KHATOON	580	1571	89.0%	33090	652
RAMANATHAN	580	1571	95.6%	35153	607
BHASIN	579	1576	85.9%	32227	674
BALASUBRAMANIAN	579	1576	95.5%	35187	606
DIXON	578	1578	0.4%	156	152,015
WILLIS	578	1578	0.5%	216	125,627
KATAYAMA	578	1578	86.0%	32302	672
MYINT	578	1578	87.2%	32652	663
TAIRA	577	1582	79.3%	30324	728
MIYAZAKI	577	1582	87.3%	32743	661
CARROLL	576	1584	0.4%	201	131,020
MAYO	576	1584	1.7%	965	33,126
EM	576	1584	77.8%	29932	740
BACANI	576	1584	81.7%	31126	705
CHHABRA	576	1584	88.8%	33206	649
CONTRERAS	574	1589	0.6%	299	92,660
ANTHONY	574	1589	1.1%	580	52,146
HY	574	1589	76.5%	29625	750
MORIKAWA	574	1589	81.1%	31014	708
SINGHAL	574	1589	87.1%	32823	659
TEP	574	1589	88.7%	33292	647
WIDJAJA	574	1589	94.7%	35187	606
KURUVILLA	574	1589	94.7%	35187	606
PO	573	1597	75.6%	29390	758
SAWHNEY	573	1597	87.2%	32900	657
CARPENTER	572	1599	0.5%	211	127,073
BURKE	572	1599	0.5%	229	119,175
MUSTAFA	572	1599	14.4%	7724	3,970
MIYASATO	572	1599	77.0%	29840	743
JHAVERI	572	1599	91.2%	34210	627
BAN	571	1604	36.9%	16960	1546
RAMASWAMY	571	1604	92.2%	34599	619
VEGA	570	1606	0.6%	318	87,728
RAVI	570	1606	91.5%	34399	623
BALUYOT	570	1606	92.4%	34673	617
BERRY	569	1609	0.4%	205	129,405
SAKURAI	569	1609	87.7%	33206	649
HICKS	568	1611	0.4%	155	153,618
CHINEN	568	1611	82.0%	31563	693
AUSTIN	566	1613	0.5%	241	113,160
SREY	566	1613	86.0%	32856	658
AUNG	566	1613	90.4%	34259	626
MANG	565	1616	28.9%	14108	1,957
NISHI	565	1616	80.7%	31301	700
YOKOTA	565	1616	85.7%	32823	659
BUSTAMANTE	564	1619	3.1%	1794	18,363
DASS	564	1619	52.4%	22322	1077
AGCAOILI	564	1619	81.7%	31658	690
KAHLON	564	1619	89.7%	34114	629
TRIPATHI	563	1623	90.8%	34554	620
ALVARADO	562	1624	0.6%	294	93,723
MIR	562	1624	39.5%	18077	1422
KITAGAWA	562	1624	81.4%	31658	690
JOY	561	1627	4.4%	2607	12,741
MAHMUD	561	1627	54.7%	23221	1025
MOJICA	560	1629	5.2%	3077	10803
VILLAREAL	560	1629	6.5%	3797	8577
SOUZA	559	1631	2.8%	1627	20,168
HUM	557	1632	59.0%	24763	944
TERADA	557	1632	85.2%	33020	654
ELLIOTT	556	1634	0.4%	197	132,457
ARCEO	556	1634	18.1%	9716	3068
HORIUCHI	556	1634	81.0%	31817	686
WEAVER	555	1637	0.4%	179	138,811
JACOBS	555	1637	0.5%	233	115,540
ROMAN	555	1637	0.9%	507	59,020
MEDEIROS	555	1637	3.1%	1818	18,121
DELAPAZ	555	1637	11.7%	6611	4729
PHANG	555	1637	80.1%	31563	693
THAMMAVONG	555	1637	93.6%	35797	593
OUM	554	1644	89.9%	34711	616
PULIDO	553	1645	3.9%	2347	14151
MOSES	552	1646	1.5%	858	36,814
LEDESMA	552	1646	3.7%	2211	15,077
TAKAYAMA	552	1646	86.7%	33735	637
GATCHALIAN	552	1646	92.3%	35585	598
BRYANT	551	1650	0.3%	120	183,761
CAM	551	1650	56.3%	24061	978
GRANT	550	1652	0.4%	192	134,034
NAITO	549	1653	87.4%	34150	628
NING	549	1653	87.8%	34308	625
TAK	548	1655	83.9%	33054	653
OWENS	547	1656	0.3%	126	176,334
BARRETT	547	1656	0.6%	288	95,896
TANDON	547	1656	85.3%	33563	641
ONISHI	547	1656	85.9%	33735	637
OKUDA	547	1656	88.2%	34554	620
TSAY	547	1656	92.6%	35916	591
PIERCE	546	1662	0.4%	186	136,517
PERKINS	546	1662	0.4%	212	126,951
LIE	546	1662	66.0%	27439	827
KANDA	546	1662	68.4%	28226	798
DELMUNDO	546	1662	93.2%	36129	586
HATTORI	545	1667	85.8%	33830	635
BUSTOS	544	1668	4.4%	2680	12401
CHOCK	544	1668	55.6%	24061	978
DAN	543	1670	23.5%	12317	2,315
SAIKI	543	1670	75.9%	30753	715
YAMAZAKI	543	1670	92.7%	36129	586
MYUNG	543	1670	96.6%	37319	562
MADRID	542	1674	2.6%	1580	20,834
BABA	542	1674	35.8%	17214	1516
CUNNINGHAM	541	1676	0.4%	198	131,896
IBANEZ	541	1676	9.0%	5328	6018
HALIM	541	1676	52.0%	22949	1041
SAMONTE	541	1676	82.3%	32900	657
KOU	541	1676	90.5%	35585	598
BECK	540	1681	0.6%	295	93,161
LEA	540	1681	5.6%	3414	9,597
KHOO	540	1681	92.2%	36129	586
AGUILA	539	1684	12.5%	7122	4326
HING	539	1684	44.0%	20204	1226
IGE	539	1684	71.4%	29481	755
VINH	539	1684	94.7%	36956	569
TUCKER	538	1688	0.3%	139	162,933
PRADO	538	1688	3.1%	1873	17,586
KEALOHA	538	1688	59.1%	25484	911
GANESH	538	1688	64.6%	27289	833
HEU	538	1688	84.5%	33735	637
PUROHIT	538	1688	92.6%	36381	581
VIDAL	537	1694	3.9%	2395	13,867
LOOK	536	1695	13.3%	7596	4,037
MINAMI	536	1695	82.7%	33248	648
NANDA	536	1695	86.5%	34554	620
TSAN	536	1695	91.0%	35994	589
TOMA	535	1699	16.6%	9279	3,229
FLORENDO	535	1699	70.3%	29296	761
LIWANAG	535	1699	91.0%	36045	588
CHOHAN	534	1702	82.8%	33380	645
ZEE	533	1703	53.8%	23831	990
HANDA	533	1703	67.3%	28375	792
KANNAN	533	1703	74.3%	30682	717
ICHIKAWA	533	1703	85.7%	34459	622
CEN	533	1703	89.6%	35721	595
FOK	533	1703	93.2%	36807	572
BRAVO	532	1709	1.9%	1165	27,576
EUSEBIO	532	1709	38.1%	18329	1395
SAMRA	532	1709	51.1%	22934	1042
BADUA	531	1712	83.8%	33876	634
SUBRAMANIAM	531	1712	92.5%	36716	574
MENDEZ	530	1714	0.5%	242	112,736
SANDOVAL	530	1714	0.6%	287	96,303
NAWAZ	530	1714	75.4%	31202	703
PAPA	529	1717	9.0%	5438	5,884
MARCOS	529	1717	16.2%	9192	3263
BLAS	529	1717	17.7%	9973	2985
MOHIUDDIN	529	1717	80.8%	32984	655
JING	529	1717	93.6%	37145	565
ALBA	528	1722	5.3%	3324	9,872
ALEJO	528	1722	12.9%	7520	4081
TANI	528	1722	61.7%	26738	856
MASOOD	528	1722	69.0%	29181	765
KNIGHT	527	1726	0.4%	199	131,860
MAGAT	527	1726	84.5%	34342	624
CHHIM	527	1726	87.5%	35387	602
ALMAZAN	526	1729	12.2%	7154	4304
BRADLEY	525	1730	0.4%	200	131,289
BISHOP	525	1730	0.5%	238	114,034
TEJADA	525	1730	5.4%	3372	9700
DEO	524	1733	49.2%	22538	1065
QAZI	524	1733	75.0%	31339	699
HAYASHIDA	524	1733	81.9%	33605	640
CHAPMAN	523	1736	0.4%	218	124,614
BURGOS	523	1736	2.6%	1658	19,816
ALBERTO	523	1736	11.9%	7026	4398
CUMMINGS	522	1739	0.7%	372	76,707
HAMEED	522	1739	52.0%	23568	1004
VIEN	522	1739	59.9%	26361	871
SIA	522	1739	73.2%	30831	713
TAKESHITA	522	1739	85.4%	34949	611
YADAV	522	1739	89.5%	36276	583
COLLADO	521	1745	7.6%	4735	6854
GARRIDO	521	1745	9.1%	5589	5699
DUTT	521	1745	37.9%	18520	1375
ASIF	521	1745	79.9%	33090	652
OKIMOTO	521	1745	84.6%	34711	616
VITUG	521	1745	90.8%	36716	574
CORREA	520	1751	1.8%	1109	28,910
AREVALO	520	1751	3.3%	2087	15942
PANJWANI	520	1751	87.7%	35797	593
LOUIS	519	1754	2.8%	1771	18,552
MONTEMAYOR	519	1754	7.8%	4860	6630
SIHARATH	519	1754	89.5%	36421	580
HIPOLITO	518	1757	28.3%	14862	1828
FRANKLIN	517	1758	0.5%	236	114,859
ZIA	517	1758	56.0%	25169	924
ZAPANTA	517	1758	83.7%	34630	618
KITAMURA	516	1761	85.9%	35445	601
BENSON	514	1762	0.6%	332	84,233
BASSI	514	1762	33.9%	17221	1515
STEPHENS	513	1764	0.4%	181	138,742
SOON	513	1764	72.7%	31085	706
HEO	513	1764	95.7%	38771	536
CHAR	511	1767	64.4%	28353	793
CONG	511	1767	78.6%	33169	650
SHEK	511	1767	81.0%	34038	631
UPADHYAY	511	1767	89.2%	36761	573
HUDSON	510	1771	0.4%	202	130,793
LEANO	510	1771	61.7%	27439	827
CHHUN	510	1771	91.4%	37534	558
DUNCAN	509	1774	0.4%	203	130,419
CARIAGA	509	1774	64.8%	28584	785
BAKSH	508	1776	38.7%	19136	1314
ESTACIO	508	1776	58.3%	26332	872
TECSON	508	1776	88.8%	36807	572
FUKUNAGA	507	1779	85.9%	35957	590
JHA	507	1779	92.7%	38079	547
WALSH	506	1781	0.5%	265	103,216
DAYRIT	506	1781	92.0%	37938	550
IYENGAR	506	1781	92.5%	38079	547
GUNAWAN	506	1781	92.8%	38198	545
MONTGOMERY	505	1785	0.5%	246	112,144
MANIVONG	505	1785	89.9%	37319	562
SRIDHAR	505	1785	94.7%	38942	533
SHA	504	1788	73.1%	31704	689
SUI	504	1788	90.2%	37480	559
MADAN	503	1790	54.4%	25169	924
MADAMBA	503	1790	81.7%	34711	616
GANESAN	503	1790	94.4%	38942	533
ESPINO	502	1793	4.6%	3030	10968
ESPEJO	502	1793	27.1%	14731	1849
IZUMI	502	1793	79.4%	33993	632
PHONG	502	1793	90.6%	37728	554
JOU	502	1793	93.3%	38644	538
SOTO	501	1798	0.5%	257	106,631
KAI	501	1798	52.9%	24701	947
FORONDA	500	1800	60.1%	27313	832
PAGADUAN	500	1800	79.2%	34038	631
RILEY	499	1802	0.4%	210	127,960
WHEELER	499	1802	0.4%	223	121,684
DUQUE	499	1802	8.7%	5569	5723
PANGAN	499	1802	81.0%	34711	616
LOVAN	497	1806	38.0%	19187	1309
MATSUSHITA	497	1806	89.2%	37591	557
HAWKINS	496	1808	0.4%	191	134,066
WEBER	496	1808	0.5%	252	107,866
OMORI	496	1808	80.3%	34630	618
BALAKRISHNAN	496	1808	90.7%	38079	547
NAKAI	495	1812	43.9%	21565	1128
PANGELINAN	495	1812	67.2%	30023	737
SI	495	1812	74.9%	32743	661
MANALANG	495	1812	91.2%	38320	543
DEOL	494	1816	80.2%	34711	616
SAKAGUCHI	494	1816	80.5%	34799	614
JIM	493	1818	14.8%	9032	3327
BUMANGLAG	493	1818	79.9%	34673	617
SHISHIDO	493	1818	80.2%	34757	615
MIYATA	493	1818	88.4%	37534	558
LYNCH	492	1822	0.4%	237	114,448
NEWMAN	492	1822	0.5%	273	100,491
BELLO	492	1822	4.1%	2779	11,933
SANJOSE	492	1822	66.5%	29932	740
TAKARA	492	1822	85.6%	36672	575
RAJAGOPALAN	492	1822	96.1%	40265	512
FULLER	491	1828	0.5%	256	106,682
TAYAG	491	1828	90.1%	38198	545
CHIAO	491	1828	94.6%	39824	519
CERVANTES	490	1831	0.8%	520	57,685
TUN	490	1831	64.7%	29421	757
BHUIYAN	490	1831	75.6%	33248	648
REID	489	1834	0.5%	263	104,007
CARRILLO	489	1834	0.7%	443	67,054
NATHAN	489	1834	6.6%	4444	7,369
MARZAN	489	1834	43.7%	21694	1119
KURIHARA	489	1834	86.4%	37094	566
STANLEY	488	1839	0.5%	292	93,817
NISHIOKA	488	1839	84.4%	36531	578
KHATUN	488	1839	87.0%	37374	561
RADHAKRISHNAN	488	1839	96.4%	40690	506
ALEGRE	487	1843	34.0%	17984	1431
KIL	487	1843	80.1%	35106	608
COSTA	486	1845	1.4%	900	35,227
MADRIAGA	486	1845	75.7%	33528	642
ARCILLA	486	1845	88.2%	37881	551
SWAMINATHAN	486	1845	92.9%	39560	523
HIROSE	485	1849	87.9%	37835	552
TENORIO	484	1850	7.7%	5110	6301
SARWAR	484	1850	77.3%	34259	626
OZA	484	1850	89.0%	38263	544
PAYNE	483	1853	0.3%	183	138,028
SALONGA	483	1853	91.0%	39052	531
MORIN	482	1855	1.7%	1136	28,184
JOAQUIN	482	1855	18.6%	11214	2592
KADAKIA	482	1855	94.0%	40203	513
HUO	482	1855	97.4%	41448	495
PROM	481	1859	38.1%	19734	1263
LUE	481	1859	50.6%	24615	951
WALTERS	480	1861	0.5%	262	104,281
YON	480	1861	16.9%	10421	2,833
LAGMAN	480	1861	74.5%	33425	644
RESURRECCION	480	1861	85.9%	37480	559
KAWASHIMA	480	1861	87.6%	38035	548
TROUNG	480	1861	93.0%	40019	516
ANDRADA	479	1867	42.9%	21727	1117
BAKSHI	479	1867	75.7%	33933	633
CARANDANG	479	1867	93.7%	40335	511
DEE	478	1870	7.8%	5222	6,144
GUINTO	478	1870	62.7%	29261	762
TSUKAMOTO	478	1870	89.0%	38706	537
SUON	478	1870	90.0%	39052	531
ACOBA	477	1874	84.3%	37094	566
SACHDEVA	477	1874	88.3%	38524	540
KHIM	477	1874	90.2%	39176	529
WELCH	476	1877	0.4%	259	105,804
VINCENT	476	1877	0.9%	608	50,628
ISHIBASHI	476	1877	84.4%	37200	564
TAKAKI	475	1880	74.9%	33876	634
DHAR	475	1880	90.3%	39378	526
RASTOGI	475	1880	95.4%	41262	498
MONTOYA	474	1883	0.8%	526	57,075
VICTORIA	474	1883	9.7%	6401	4,899
KOMATSU	474	1883	85.4%	37688	555
ARRIOLA	473	1886	7.7%	5224	6140
QUADRI	473	1886	65.7%	30582	720
VENKATARAMAN	473	1886	92.7%	40397	510
GILBERT	472	1889	0.4%	243	112,406
KHOKHAR	472	1889	79.6%	35797	593
OZAWA	472	1889	80.1%	35994	589
PYON	472	1889	94.2%	41060	501
OLIVA	471	1893	3.2%	2241	14,892
AKAMINE	471	1893	82.2%	36761	573
JENNINGS	470	1895	0.5%	321	87,038
DAVIDSON	469	1896	0.5%	269	102,044
MASIH	469	1896	80.4%	36276	583
SAKUMA	469	1896	86.7%	38464	541
SOH	469	1896	90.9%	40019	516
XI	469	1896	94.7%	41448	495
ACUNA	468	1901	3.7%	2650	12537
VALERIO	468	1901	4.6%	3248	10,098
MONZON	468	1901	11.2%	7336	4183
FUJIKAWA	468	1901	78.9%	35797	593
ASANO	468	1901	84.5%	37728	554
SHEU	468	1901	93.8%	41203	499
DARK	467	1907	16.3%	10294	2,868
NAKATANI	467	1907	77.6%	35387	602
TAMANAHA	467	1907	86.2%	38395	542
VENKATESH	467	1907	94.5%	41522	494
DESHMUKH	467	1907	95.1%	41722	491
XIN	467	1907	97.7%	42677	478
HOLMES	466	1913	0.3%	161	150,166
GREENE	466	1913	0.4%	228	119,604
CENTENO	466	1913	4.6%	3215	10188
TAKETA	466	1913	82.8%	37266	563
OKI	465	1917	74.5%	34342	624
MAM	465	1917	81.0%	36716	574
CU	465	1917	82.4%	37200	564
NARANG	465	1917	88.9%	39560	523
PEARSON	464	1921	0.5%	281	98,728
PUNG	464	1921	31.3%	17530	1481
KHAM	464	1921	81.1%	36807	572
SEM	463	1924	61.1%	29390	758
PI	463	1924	64.5%	30645	718
VILLAR	462	1926	11.3%	7494	4100
JAHAN	462	1926	76.5%	35288	604
NINH	462	1926	97.1%	42830	476
POWERS	461	1929	0.5%	304	90,401
FRANK	461	1929	0.7%	454	65,918
ZABALA	461	1929	13.2%	8650	3498
GHANI	461	1929	50.8%	25547	908
HANIF	461	1929	57.2%	28005	806
KONISHI	461	1929	84.4%	38141	546
MOCHIZUKI	461	1929	87.0%	39111	530
HARVEY	460	1936	0.4%	247	112,136
HAY	460	1936	2.6%	1853	17,824
YOSHINO	460	1936	79.7%	36572	577
OHASHI	460	1936	82.6%	37591	557
YAMBAO	459	1940	88.6%	39885	518
PARKS	458	1941	0.5%	322	86,346
BO	458	1941	51.1%	25775	897
AGUON	458	1941	62.0%	29964	739
NISHIYAMA	458	1941	83.1%	37881	551
KUDO	458	1941	83.7%	38079	547
GIRON	457	1946	4.2%	3057	10,874
RASHEED	457	1946	22.3%	13584	2050
OO	457	1946	88.1%	39824	519
NIJJAR	457	1946	89.8%	40465	509
FRIAS	456	1950	3.7%	2684	12,357
SHINN	456	1950	5.7%	4090	8,019
BACCHUS	454	1952	17.7%	11317	2562
KI	454	1952	77.5%	36129	586
UN	454	1952	82.4%	37881	551
LINDSEY	453	1955	0.7%	492	61,199
KIANG	453	1955	86.3%	39444	525
FAROOQUI	453	1955	87.6%	39946	517
CORDOVA	452	1958	1.3%	903	35,074
SAGUN	452	1958	67.7%	32460	668
AKRAM	451	1960	56.1%	28049	804
FINAU	451	1960	75.2%	35487	600
TORIO	450	1962	70.4%	33653	639
NAEEM	450	1962	72.5%	34503	621
SALGADO	449	1964	1.4%	1012	31,627
HAFEEZ	449	1964	69.5%	33333	646
SEKI	449	1964	81.8%	37986	549
OISHI	449	1964	82.8%	38395	542
KURODA	449	1964	83.9%	38833	535
CRAIG	448	1969	0.5%	307	89,591
JAY	448	1969	4.6%	3349	9,771
VILLAMOR	448	1969	60.8%	30023	737
HATA	448	1969	70.3%	33735	637
LAC	448	1969	92.0%	41995	487
CACHO	447	1974	22.4%	13893	1994
YOUSUF	447	1974	62.0%	30552	721
CORONEL	446	1976	8.9%	6279	4997
NARCISO	446	1976	30.8%	17823	1448
ADRIANO	446	1976	43.9%	23372	1015
KAMDAR	446	1976	84.3%	39176	529
VY	446	1976	95.1%	43377	469
MICHAEL	445	1981	1.1%	798	39,369
IMPERIAL	445	1981	32.9%	18748	1353
HOO	445	1981	64.4%	31621	691
BAK	444	1984	16.8%	11040	2,642
BELEN	444	1984	36.6%	20382	1212
MONTERO	443	1986	3.7%	2761	11,997
SANKAR	443	1986	50.7%	26306	873
GOYA	443	1986	67.3%	32856	658
MINHAS	443	1986	81.1%	38141	546
ADVANI	443	1986	84.5%	39499	524
CHOUNG	443	1986	91.3%	42134	485
GONSALVES	442	1992	5.7%	4265	7,690
IIDA	442	1992	78.9%	37429	560
SCHULTZ	441	1994	0.4%	261	104,962
KAU	441	1994	54.2%	27802	814
MAUNG	441	1994	88.2%	41130	500
SACHDEV	441	1994	91.5%	42363	482
HOLT	440	1998	0.5%	329	84,710
MOCK	440	1998	2.9%	2194	15,208
SANPEDRO	440	1998	46.1%	24529	955
SINGSON	440	1998	78.9%	37534	558
AKTER	440	1998	83.2%	39176	529
